TIMESERIES IS_MMLI__BHN_D, 5294 samples, 40 sps, 2008-01-05T05:27:47.693229, SLIST, FLOAT, 
+2.6427298022e-08	+5.3240643756e-08	+3.9996891470e-08	+4.4468838269e-08	+4.2911884304e-08	+4.6232688546e-08
+3.6254900165e-08	+3.8164452373e-08	+3.6522493161e-08	+2.7954942909e-08	+4.4316368120e-08	+4.6660530702e-08
+1.0361396045e-08	+1.8807233805e-08	+2.7186537691e-08	+1.1608470107e-08	+4.2383670688e-09	+9.6627814762e-09
+9.0992316118e-09	-4.8911484453e-09	-1.7299920712e-08	-3.1983516302e-08	-3.7060046780e-08	+3.8265779563e-09
-3.4765423154e-08	-5.1618155766e-08	-1.5516258010e-08	-5.5241545970e-08	-7.2941296723e-08	-4.5530145474e-08
-2.4916315534e-08	-7.8300336799e-08	-9.1837530843e-08	-3.1615531381e-08	-9.9254023296e-08	-9.5954662673e-08
-7.5848767968e-08	-1.0225590008e-07	-5.0838308682e-08	-9.0486122099e-08	-7.2298063310e-08	-1.9986696918e-08
-9.8824005291e-08	-7.3893853443e-08	-7.0632186383e-08	-1.2511508151e-07	-7.6933748920e-08	-5.6773476236e-08
-2.2418354668e-08	-2.3190394162e-08	-3.1135792290e-08	+1.6192533148e-08	-3.8884649011e-08	-6.6269742640e-08
-1.9523922296e-08	-4.3449803410e-08	-4.3019695878e-09	-3.7078111720e-09	-3.6478832327e-08	+4.9708253077e-08
+9.6057706676e-08	-2.8261491290e-08	-5.1139955779e-08	+2.5358975776e-08	-1.1069386432e-08	-1.3370636497e-08
+6.1500139576e-08	-1.0502433730e-08	-7.8792727670e-08	+7.3879546503e-08	+3.0162515385e-08	-5.5377728184e-08
+6.8333080817e-08	+1.2501170134e-07	+1.0413352587e-07	+6.6145302515e-08	+9.9529076159e-08	+7.5486461919e-08
+5.7164341289e-08	+1.1097487705e-07	+1.8143865986e-08	+1.6250652052e-07	+1.6965957484e-07	-5.5981344072e-08
+1.4380203523e-07	+9.4814503545e-08	-1.0280539546e-08	+2.3834704573e-07	+2.7148057872e-07	+1.3294573354e-07
+1.2937989125e-08	+1.0375139850e-07	+1.3887482370e-07	-1.0202650142e-07	+2.0387203745e-08	+1.6618557815e-07
+9.5733226950e-09	+2.3462244216e-08	+4.3888880873e-08	+6.1147158530e-08	+7.0004355258e-08	+5.5889259012e-08
+6.8681689272e-08	+3.8907697979e-08	+5.3371957106e-08	+1.4705651937e-07	+1.5516964960e-07	+4.3937606633e-08
+8.7872211835e-09	+2.6121574617e-07	+2.4346110868e-07	+6.5065855141e-08	+1.6119732606e-07	+1.5338215211e-07
-1.7814504907e-08	+8.1664173120e-10	+2.1720917893e-07	+8.9967895558e-08	-1.0256882549e-07	+9.8720049514e-08
+1.7635785854e-07	-4.2128996472e-08	-7.1042591882e-08	+2.0557124764e-08	+2.2195631965e-08	-1.3507609364e-07
-1.0278595598e-07	+1.1261835810e-07	-1.6392136428e-07	-1.6672615510e-07	+2.0746099334e-07	-9.9304636894e-08
-2.3334854919e-07	+4.0403210363e-08	-9.4739210706e-08	-1.6135343837e-07	+5.9650137490e-09	+5.0798442728e-08
+1.1918796121e-08	-1.1229245547e-08	+3.3172965518e-09	-8.1265741255e-09	-2.0316378999e-09	+4.7325479162e-09
+8.8904784570e-08	-4.3824279239e-08	-4.1014481451e-08	+2.2614217559e-07	+1.7783395804e-07	-2.1529564113e-08
-1.7028094028e-07	-6.0453805598e-08	+1.0868016309e-07	-2.8430761378e-08	-1.1960701245e-08	+8.5630730556e-08
+1.3718539897e-07	-2.0011057492e-07	-3.0861073145e-07	+2.3308461970e-07	+1.2415325716e-07	-3.4013028824e-07
-2.1349015232e-07	+1.4617326348e-07	-7.0297871369e-08	-1.7974425932e-07	+2.1157972021e-07	+1.2238224257e-07
-1.1059437856e-07	-1.9823475514e-08	+1.8621347140e-07	-4.8519633600e-09	-2.3955652271e-07	+1.9087686273e-07
+2.6716375832e-07	+1.4436989879e-08	-7.8454796717e-08	+1.5927482519e-08	+1.6295227453e-07	+1.2107129110e-08
+8.0589999619e-08	+2.1385388453e-07	-9.9678826162e-09	-6.2866955874e-08	+8.4150561946e-08	+2.1930393663e-07
+7.8988831386e-08	+1.7054779858e-08	+5.4150820977e-08	-1.0160564693e-07	+2.9929480134e-08	+1.6147427445e-07
+5.8081308545e-08	+1.0549297096e-08	-1.5598847181e-07	+4.2857145779e-09	-1.3340029808e-08	-1.4612845342e-07
-7.2823486066e-09	-3.0037921503e-08	-1.4829138199e-07	-1.4795543187e-08	+1.0559705876e-08	+5.2330626315e-08
-4.5534856276e-08	-1.9484021350e-07	-3.1173229290e-07	-1.9988418429e-07	+1.4277688961e-07	-1.4868005977e-07
-6.8253294341e-08	+7.2432573560e-08	-2.6401564514e-07	-1.9437368983e-07	-2.7205640033e-07	-2.3009403528e-07
-1.7086740733e-07	-4.2304394644e-07	-8.7514453105e-08	+3.1067590141e-08	-3.7952041877e-07	+2.6956401239e-08
-5.6273925074e-09	-6.2438883397e-07	-2.0201085145e-07	-2.0650620837e-07	-3.4489706911e-07	+1.2614326500e-07
-2.1505116215e-07	-1.9019294023e-07	-1.3807572510e-07	-1.4137550075e-07	+1.3549409778e-08	-3.6944160966e-07
-6.9230002415e-08	+1.1275085403e-07	-8.8066386175e-08	-1.1922523607e-07	+8.5019468104e-08	+5.9789079641e-08
-1.4828767840e-07	-1.4412078028e-08	-2.2714050655e-08	+1.1779871113e-08	+2.3657705941e-07	-5.1419475857e-08
+1.4274364559e-08	+3.1332192369e-07	-1.1130270661e-07	+1.7748585590e-07	+4.4527948475e-07	-1.6354314370e-07
+2.3670204537e-07	+4.6614010747e-07	+1.6110755723e-07	+2.0223124676e-07	+4.3048920309e-08	+2.5237653608e-07
+1.5127051932e-07	+1.0611155530e-07	+5.8352312736e-07	+1.5889608119e-07	-2.7444832566e-08	+3.7555884197e-07
+3.9389932375e-07	+8.5575918424e-08	+3.3385025444e-08	+3.4757433721e-07	+9.1557712107e-08	-5.3381444035e-08
+3.2106331857e-07	+1.2528210064e-07	+1.9669011213e-07	+6.5363605832e-09	-2.2950233060e-07	-1.0879463460e-07
-5.2955072469e-07	-2.9364914677e-07	-1.2562822845e-08	-4.6167641764e-07	-4.0553892232e-07	-2.0934315434e-07
-1.2367308697e-08	+4.6067826359e-08	-2.1591808392e-07	+8.2061644350e-09	-9.9009132816e-08	-1.6048269127e-07
+2.8246168624e-07	+1.1808429642e-07	+1.4235630170e-07	+3.3935384674e-07	+1.7013527545e-07	+4.6109619178e-07
+4.7868933534e-07	+2.1385631404e-07	+2.9181013358e-08	-2.4907404306e-08	+4.6811655442e-07	+5.3256088326e-07
+3.7150674427e-07	+9.9020350721e-07	+7.7341491954e-07	+1.9653720553e-07	+2.7591086346e-07	+3.9492735439e-07
+4.1581046763e-07	+1.7663533182e-07	+3.2835696139e-07	+6.3206640530e-07	+5.3610412632e-07	+4.8404079716e-07
+2.3754852422e-07	+4.6574234894e-07	+3.2310228640e-07	-1.3652912111e-07	+2.9950689220e-07	+3.1731077026e-07
+2.2711716493e-07	+2.3105556796e-07	+3.7105196056e-08	+2.7464118654e-07	+1.5152637650e-07	-3.0288685005e-07
+6.1678176070e-08	+9.0292605601e-08	-2.1293933219e-07	+1.6097930443e-07	-6.5574560712e-08	-4.3404314673e-07
+2.7060944704e-07	+6.5032830542e-08	-6.0631932540e-07	-1.2598913827e-07	-1.2037555601e-07	-6.4242808622e-07
-5.2865832583e-07	-1.0955866793e-07	-1.3875205971e-07	-4.9651438200e-07	-1.3233921070e-07	+2.3508132571e-07
-4.0046507512e-08	+9.5278249927e-08	+2.5514091136e-08	-8.1677528209e-08	-1.0402739754e-07	-2.6739482370e-08
+1.3194404409e-07	-1.6108433801e-07	+1.9001303473e-07	+4.2057130688e-07	-1.4960674682e-07	+5.2973902090e-08
+2.6025462433e-07	+1.2749629269e-07	+2.3564095183e-07	-3.1998353440e-08	-2.9572839495e-07	-1.9299578139e-07
+2.0078676691e-07	+5.4828423986e-07	-3.4236792496e-07	-2.9213283787e-07	+3.6949357135e-07	-6.1557126241e-07
-7.5323967695e-07	-3.4532621589e-07	-2.3559152440e-07	-2.1966390523e-07	-2.7420589944e-07	-2.5219635101e-07
-5.1564358397e-07	-3.9284610170e-08	-1.1016035434e-07	-2.6826855400e-07	+3.2435334529e-08	-3.0248315033e-07
-2.1406310721e-07	-3.1365605978e-08	-3.6782181545e-08	-4.0897376691e-07	-6.5211057257e-07	-8.0898826831e-08
-1.6359578967e-07	-3.8243125402e-07	+1.9963581361e-08	+2.9338892936e-08	-5.9544893585e-08	-5.7996164009e-07
-3.2235480728e-07	-9.9010328974e-08	-1.4447810060e-07	+2.5871700001e-09	-2.4463616084e-07	+2.7034461492e-07
-9.7192564314e-09	+2.4046593893e-07	+8.8518723918e-08	-3.6630789593e-07	+2.3729519661e-07	-2.0882263789e-07
-2.0061219842e-07	+2.0564172334e-07	+1.0603459249e-07	+1.0424597929e-07	-3.1777307231e-09	+3.8415918804e-07
+1.7618641174e-07	-2.4177451559e-07	-6.4015986796e-08	-1.3485020978e-07	-5.7637055644e-08	-1.8384161326e-07
+1.1563103914e-07	-1.6320268979e-07	-4.0224331909e-07	-1.3855201854e-07	-2.2017739554e-07	-1.6378700368e-07
-2.5348718266e-07	-4.8489545622e-07	-7.3037525422e-08	+2.3838553376e-07	-2.7084496669e-07	-5.1236017041e-07
-1.2118510431e-07	-6.7326440390e-08	-8.8599267320e-07	-7.2044729055e-07	-4.3431693240e-09	-3.0242513405e-07
+1.7594029943e-08	+2.4054012845e-07	-4.5420815276e-07	-5.4115297200e-07	-3.3210269318e-07	+5.1692563344e-08
-4.5070656551e-07	-1.0804771623e-06	-5.1880509156e-07	-3.4900609218e-07	-2.3650154513e-07	-1.6400509161e-07
-2.6932233856e-07	+7.5424082311e-08	+1.0074080270e-07	+1.7438653713e-07	+4.3996547016e-07	+3.1153603905e-07
+1.0725782412e-07	+1.3263069210e-07	+3.3294109755e-07	+5.4871256978e-07	+8.1597801940e-07	+5.0668935442e-07
+5.9767418422e-07	+1.5875159907e-06	+1.0298498339e-06	+7.8660698114e-07	+1.1511802214e-06	+9.0122522646e-07
+1.2049130848e-06	+1.1585184098e-06	+1.2138244801e-06	+1.3592289588e-06	+1.2240826092e-06	+1.0207524169e-06
+9.0810004131e-07	+1.2565452317e-06	+1.1450230884e-06	+1.3989946174e-06	+8.0225143153e-07	+5.1584866877e-07
+1.6882276041e-06	+9.4599139922e-07	+5.6391788384e-07	+1.1707061965e-06	+6.7220221320e-07	+6.5449198347e-07
+6.7853907911e-07	+8.3729324448e-07	+6.1680160248e-07	+2.9639543920e-07	+5.1041249095e-07	+4.3787339470e-07
+1.0198813764e-08	-1.8513335203e-07	-2.4468358072e-08	-1.5137121651e-07	-8.0120158148e-07	-4.2137248434e-07
-6.2670862835e-07	-6.6407523000e-07	-3.4450020147e-08	-1.3343224614e-06	-2.0046301423e-06	-1.0034845072e-06
-9.6170813804e-07	-1.0071360192e-06	-8.4794787277e-07	-1.0634744361e-06	-6.2387125715e-07	-9.8196110152e-07
-1.1592728937e-06	-6.1722535473e-07	-1.0987460101e-06	-7.4544760347e-07	-2.6572354670e-07	-5.7949473675e-07
-5.1713286039e-07	-2.4661529315e-07	-2.0800103497e-07	-7.1713800931e-07	-7.9972257929e-07	-5.8650889054e-07
-7.6654801904e-08	+3.4831621923e-07	-6.4772702905e-08	-2.3680283709e-07	-2.5977105913e-08	-7.4106670024e-08
+1.4460618790e-07	-2.5193289017e-07	-3.1484792463e-07	+2.0777552314e-07	+5.8914529350e-09	-1.4867868746e-07
+1.1272790415e-07	+1.8117344910e-07	+8.9443780984e-08	+1.9536501380e-07	-1.1316572091e-07	-3.3401441253e-07
+6.9293759385e-08	-1.2712264873e-07	+2.7323043063e-08	-1.0647083169e-07	-7.1598885339e-07	-6.0034404588e-09
-4.1170400416e-08	-5.4136167283e-07	-8.1101130131e-07	-5.8998233208e-07	-5.2140201995e-07	-6.2577147143e-07
-3.1934989958e-07	-6.1151801055e-07	-6.7374207658e-07	-1.7216187869e-07	-4.1458679405e-07	-7.6954160877e-07
-4.4476959036e-07	-1.4878937906e-07	-6.9793054444e-07	-8.3070586710e-07	-3.9470302822e-07	-2.7281735345e-07
-1.1151726105e-07	-1.2403708479e-07	-2.9536615234e-07	-3.1592953137e-07	+1.4119796466e-08	+3.9404830290e-08
-3.4885946008e-07	-1.4708009739e-07	+4.4745293048e-08	+7.4053669050e-08	+2.9172036445e-07	+3.3532154689e-07
-1.5798062813e-07	-3.0686128181e-07	+3.9761429712e-08	-2.2055724427e-07	-2.7656668639e-07	-1.5835516988e-08
+1.3764049531e-07	+8.9872618338e-08	-2.7518924694e-07	+3.1387099420e-07	+6.0412851833e-07	-3.4546046602e-07
-3.1392403673e-07	+4.1168645419e-07	+2.2860102694e-07	+1.2125914901e-07	+3.2336454570e-07	+4.2813714791e-07
+7.1090801105e-07	+3.7971443228e-07	+4.0767039964e-07	+1.1641862374e-06	-3.4115728619e-08	-3.3690384549e-07
+5.5753583486e-07	+2.4743666927e-08	+4.1972403303e-07	+5.8128920056e-08	+3.9447229167e-07	+8.3085016303e-07
-7.2328656313e-07	+1.1195816145e-06	-2.0648608143e-07	-2.5240150039e-09	+1.9350438720e-06	-1.0344313460e-06
+1.2507710479e-06	+1.8921997765e-07	-2.0325799695e-07	+1.5886190941e-06	-9.4075892902e-07	+1.0878090802e-06
+6.8564356395e-07	+8.5027263752e-08	+2.0521775756e-06	+3.4620557821e-08	+1.0536416274e-06	+8.5591763324e-07
+2.3677720580e-07	+1.6500538831e-06	+1.9894699418e-07	+1.6895117031e-06	+1.4242720278e-06	+6.5023618500e-07
+2.2049760988e-06	+2.4572157866e-07	+1.0032462943e-06	+1.5690375734e-06	+7.1243420999e-07	+1.1670161220e-06
+7.0481782407e-08	+7.7872871934e-07	+1.4115718406e-06	+9.8168300587e-08	+1.7151313314e-07	+8.7823935867e-07
+8.2679107484e-07	-1.5626031139e-07	-3.3511643777e-07	+6.0663300687e-07	-5.8413218647e-08	-3.9181847779e-07
+2.7862641993e-07	+3.1381381021e-07	-4.8145314155e-07	-7.5922169933e-07	+3.4998192506e-07	-2.7067261400e-07
-6.1686457085e-07	+8.4674106633e-07	+4.0897407614e-08	-4.4194111792e-07	+2.9369593411e-07	-4.8278367278e-07
+1.5513426237e-08	+3.3546136464e-07	+3.7034594337e-08	+7.9559349534e-07	-1.9424466609e-07	+4.9340831864e-07
+8.3874371052e-07	-5.0958178172e-07	+3.9666665831e-07	+4.2622722700e-07	+6.4118865276e-07	+3.2425424392e-07
-1.2908415732e-07	+6.5936619341e-07	+3.1471275210e-07	+8.4910911722e-07	+8.4066896095e-07	+6.3363502584e-08
+3.2154811053e-07	-3.2402350323e-07	+1.8644259794e-07	-4.9438330711e-07	-1.3418600541e-06	-7.8486781697e-09
-8.5153273864e-07	-3.7974763045e-07	+2.9056775635e-07	-1.0971583076e-06	-7.3378616815e-07	-4.4878280658e-07
-8.2762213628e-07	-1.3620924278e-06	-8.3222307618e-07	-7.2454088499e-07	-1.7100043946e-06	-7.3171096860e-07
-1.1627583986e-06	-1.2531932914e-06	-6.7764562735e-07	-8.2616790958e-07	-5.2156158764e-07	-1.2106648669e-06
-9.4564131722e-07	-2.6200885700e-07	-6.8482452712e-07	-1.2599391431e-06	-3.7113661793e-07	-1.0767872252e-07
-1.1048653924e-06	-5.9136593474e-07	-7.0606795987e-07	-9.8773522999e-07	-9.1625398403e-07	-4.8953982611e-07
-3.9027839534e-07	-1.2167295201e-06	-7.2297581726e-07	-9.6649398880e-08	-5.5479141824e-07	-7.4499385736e-07
-5.8913593845e-07	-4.1711071953e-07	-5.5332982590e-07	-4.7820339679e-07	-3.5731149317e-07	-8.0774821942e-07
-8.6818803404e-07	-1.5721979202e-07	-5.9099508375e-08	-1.3084016529e-07	-1.0841179574e-07	+1.3394653268e-07
+2.6608799420e-07	-5.8256902991e-07	-8.1614350328e-08	+3.6651085942e-07	-5.5556588225e-07	-1.0918972640e-07
+3.8972762132e-07	-3.5132623521e-07	-5.5469866267e-08	-7.8777236980e-08	+7.3830981459e-08	-2.6842642011e-07
-2.7479661785e-07	+8.4423884779e-07	-1.3250163418e-07	+1.1880329523e-07	+5.5391327850e-07	-5.5514458971e-07
+2.0168345689e-08	+3.4810867989e-07	-4.1129674792e-07	-2.7998005942e-07	+1.3799038371e-07	-6.8619760720e-08
+1.5128332930e-08	+7.4406334915e-07	+3.1035041062e-08	-3.1268862866e-07	+2.3537922550e-07	-5.5615843243e-07
-3.2172767228e-07	+5.1233570409e-07	+2.7643242888e-08	+2.3332958296e-08	+2.7575377441e-07	+7.8576006326e-07
+6.6535972663e-07	-3.1172079140e-07	+3.5449442087e-07	+7.0690093216e-07	+4.6522492619e-07	+9.7405555248e-08
+4.2614880929e-07	+1.3164271311e-06	+1.7277196816e-07	-6.7817625179e-07	-3.8932776611e-08	+1.6107487013e-07
-8.4875274242e-07	-3.6203626616e-07	+3.5245527457e-07	-4.5811542664e-07	-5.4989661275e-07	-2.3191404451e-07
+7.5841081938e-08	+8.7839696940e-08	-3.7780345408e-07	-4.5033088135e-07	-1.9753412793e-07	+1.6719612681e-07
-7.1430806097e-08	+3.3525782206e-07	+4.8119836097e-07	-3.5130428165e-07	+1.2923447533e-07	+4.1022589685e-07
-1.1790136956e-07	+6.6360046654e-07	+6.5002914004e-07	-8.5959908246e-08	+4.9051577444e-07	+7.6211519027e-07
+3.5941447295e-07	+2.6161963920e-07	+5.3307260674e-07	+1.1298891723e-06	+8.7584436294e-07	+1.0281602303e-06
+1.5345274534e-06	+1.1801805282e-06	+1.5359843132e-06	+1.6428468533e-06	+6.9931948714e-07	+1.0589960944e-06
+1.2793933510e-06	+1.0902158260e-06	+1.4499809934e-06	+1.6177184686e-06	+1.4522853798e-06	+1.7089611333e-06
+1.7474346754e-06	+1.6073850753e-06	+1.6083284403e-06	+1.5976746515e-06	+1.7037496118e-06	+1.6488248537e-06
+1.3769716714e-06	+1.7769322515e-06	+1.5770625424e-06	+1.1144422150e-06	+1.2759234030e-06	+1.2060778368e-06
+8.8039798747e-07	+1.5224638751e-06	+1.1429648550e-06	+9.5591789851e-07	+1.5032280025e-06	+3.2705128041e-07
+2.8449094718e-07	-6.0336670991e-08	-3.1326583503e-07	+3.6026634219e-07	-3.9960334713e-07	-6.9105282682e-08
-5.3767266159e-07	-8.7191220589e-07	-9.1774330299e-07	-8.6579603960e-07	+2.0832996504e-07	-1.2048391414e-06
-9.1948857133e-07	-3.9245790525e-07	-1.5850081520e-06	-8.6352417274e-07	-9.7329903288e-07	-1.4293412902e-06
-1.2312763546e-06	-1.2918916921e-06	-1.3457735333e-06	-1.2226295670e-06	-9.2558731814e-07	-9.0074881690e-07
-8.9322959576e-07	-9.1026017192e-07	-8.5646406074e-07	-6.3864305830e-07	-6.7170860029e-07	-1.0185039021e-06
-7.2856096756e-07	-6.1165843484e-07	-7.6952177429e-07	-4.7508592671e-07	-6.5889537866e-07	-9.5526709448e-07
-5.8915706170e-07	-3.2510804540e-07	-6.0422337171e-07	-5.8500671304e-07	-6.7701993448e-07	-9.0003285972e-07
-4.9116334039e-07	-1.0443436462e-06	-8.0675924852e-07	-3.3965438710e-07	-1.0757627545e-06	-5.6178012702e-07
-6.8965357939e-07	-1.0713363032e-06	-5.9474603659e-07	-6.6477326927e-07	-7.3498046857e-07	-8.9814647608e-07
-1.1395873866e-06	-9.2983058994e-07	-1.2563587286e-06	-1.4857090074e-06	-1.2123549180e-06	-1.0991510725e-06
-1.4032972962e-06	-1.5184524620e-06	-1.1778275711e-06	-1.2797006897e-06	-1.3675979243e-06	-8.7992054606e-07
-1.3454828322e-06	-1.1780935467e-06	-7.7123010101e-07	-1.5220250340e-06	-1.2218652072e-06	-6.6583014371e-07
-3.4613854281e-07	-4.4714814869e-07	-6.5955276959e-07	-1.8311533894e-07	-4.0899601102e-07	-2.2500890583e-07
-6.3066005644e-09	-5.4448988541e-07	+3.5424425442e-07	+4.9536415324e-07	+3.3021323858e-07	+1.1028903422e-06
+5.7176648770e-07	+4.3088540571e-07	+5.5164161722e-07	+8.1549582726e-07	+1.2816652145e-06	+3.0176083432e-07
+1.0127242870e-06	+1.6692474272e-06	+9.2968307424e-07	+5.4762771084e-07	+7.3015628772e-07	+1.4664979131e-06
+9.4467223426e-07	+5.6534127218e-07	+1.0217965751e-06	+2.9471711820e-07	+3.5592301184e-07	+1.2711124505e-06
+8.7230239013e-07	+3.9972317560e-07	+8.0948075273e-07	+6.2322914866e-07	+7.9235911486e-08	-9.5370757164e-08
+1.7301815677e-07	+1.1977169438e-07	+2.1465522191e-07	-2.3196415928e-07	-3.2792271543e-07	+8.6451307121e-08
-5.1535013479e-07	-6.8114020559e-07	-6.5977919671e-07	-5.9404799890e-07	-4.9558355293e-07	-8.4730003384e-07
-1.3107294905e-07	-1.8028739426e-07	-1.0632418987e-06	+9.1876023287e-08	-3.4949054468e-07	-1.1260795153e-06
+2.7071849441e-07	+1.9783251521e-07	+1.5757976162e-07	+3.5927323688e-07	+4.5792195285e-07	+1.2785272058e-06
+7.3775809382e-08	+5.4856679775e-07	+1.0228597498e-06	+1.5437656221e-07	+1.1657637546e-06	+1.3292592502e-06
+8.3083522898e-07	+1.2077524598e-06	+8.3873300364e-07	+9.3108297818e-07	+1.2180847281e-06	+8.1122870221e-07
+9.5497486127e-07	+1.7766286939e-06	+1.3284667470e-06	+8.1120979346e-07	+1.7468092649e-06	+1.8175808822e-06
+1.4911309462e-06	+1.8604271087e-06	+1.6993333061e-06	+2.1855280524e-06	+2.4677945460e-06	+1.3688281936e-06
+1.4131178385e-06	+1.8770910110e-06	+1.0252544442e-06	+1.0674248539e-06	+1.6308609145e-06	+1.5164697336e-06
+1.1748047997e-06	+7.7159926422e-07	+6.0450703646e-07	+8.5823146636e-07	+7.8073355967e-07	+4.8719405493e-07
+2.6344168586e-07	+1.8496014493e-07	+2.0958981289e-07	-2.6662865204e-09	-1.9979392475e-07	-5.9917494955e-08
+2.2594375410e-07	-2.6406953142e-07	-5.8254835620e-07	-1.9430720025e-07	-6.9391786598e-07	-3.5745938018e-07
-4.8156176111e-07	-6.3166118767e-07	-5.6224385257e-07	-1.0376086726e-06	-6.3931441999e-07	-5.3416695522e-07
-6.7647709086e-07	-5.8261267687e-07	-6.0814123957e-07	-1.0549064942e-06	-1.3184452627e-06	-6.1582591893e-07
-3.5539936861e-07	-8.0284054308e-07	-1.2375287227e-06	-1.1696244355e-06	-1.0082999332e-06	-8.9588134068e-07
-9.6707435177e-07	-6.5512224532e-07	-6.7994281412e-07	-1.2156606111e-06	-1.1646893764e-06	-9.3027605322e-07
-5.1050407337e-07	-9.4457936181e-07	-8.2300785646e-07	-6.2959976972e-07	-1.4458422572e-06	-1.1945296735e-06
-1.1909466402e-06	-1.7081890746e-06	-1.5414227118e-06	-1.2866937126e-06	-1.0935137174e-06	-1.2531387264e-06
-1.5146454724e-06	-1.3172055709e-06	-8.2794759154e-07	-1.4088276711e-06	-1.8865670686e-06	-1.2171179080e-06
-1.1272973500e-06	-9.5457298327e-07	-5.4766030521e-07	-2.8725932413e-07	-3.7701601735e-07	-8.7774670378e-07
-3.2920119720e-07	-5.3906832425e-07	-5.9756914539e-07	+2.6595286334e-07	+3.0146175256e-07	-3.0613734289e-07
-1.2689502299e-07	+2.2509562982e-07	+1.1286862488e-07	+4.3453348304e-07	+5.3663372075e-07	+5.8979425245e-07
+8.2976824316e-08	-4.7272477421e-07	+4.6841556559e-07	+1.3209941520e-06	+6.5826772324e-07	+7.6488778672e-08
-4.7667798553e-08	-7.3570764758e-08	+3.0752120862e-07	-2.0861669802e-07	+1.3784162203e-07	+9.3343497765e-07
+4.2897408232e-07	+3.7676555178e-07	+2.2713886369e-08	-2.3826274952e-07	+2.9903890513e-07	-7.2690981411e-07
-5.4801941160e-07	+3.4964838109e-07	-3.5283560146e-08	-1.3747249934e-07	-2.5785516172e-07	-4.8703254728e-07
-5.2227365304e-07	-6.6079652059e-07	-2.7598960101e-07	+1.2330418660e-07	-3.3464402101e-07	-6.1216936182e-07
-9.2690415217e-08	-1.3623003560e-07	-7.0027312240e-07	-1.1743346993e-07	-2.1755681777e-07	-1.7431440256e-07
+2.6958725973e-07	-4.8192502395e-08	+2.6079857237e-07	+4.7352593130e-07	+5.6727026176e-07	+1.0649931131e-06
+5.6498828760e-07	+1.2672411948e-06	+1.2292721965e-06	+4.9828643040e-07	+1.4837199268e-06	+1.3543085639e-06
+1.3138449004e-06	+1.6533152263e-06	+1.5009171081e-06	+1.8312214334e-06	+1.3888849183e-06	+1.2846149737e-06
+1.4904416722e-06	+1.3571540469e-06	+1.5646657178e-06	+1.3895532453e-06	+1.1354193392e-06	+9.7005742544e-07
+1.5826031488e-06	+1.4938994988e-06	+1.1434790607e-06	+1.7663365614e-06	+9.3410226206e-07	+6.3233430182e-07
+1.4071336190e-06	+9.8867327671e-07	+1.3144335366e-06	+1.7240256273e-06	+1.2104656245e-06	+8.6436116425e-07
+1.0888107068e-06	+8.1244638568e-07	+8.6337866370e-07	+1.2249211740e-06	+9.0323111491e-07	+1.6070994910e-06
+9.0612683238e-07	+4.8614915860e-07	+1.3638342252e-06	+7.1940876543e-07	+3.6815900139e-07	+5.3627358701e-07
+4.1584814474e-07	-3.0210311217e-07	+2.6793259575e-08	+6.7348702593e-07	-5.5843229414e-07	-6.2600902542e-07
-2.7415571423e-07	-9.3924744549e-07	-7.8847673270e-07	-1.1745375897e-06	-7.3052376252e-07	-7.9056438916e-07
-1.8779787485e-06	-6.6820276685e-07	-1.0884954801e-06	-2.0713848677e-06	-6.9400360914e-07	-1.1631852198e-06
-1.4583762638e-06	-1.1409431656e-06	-1.3505170143e-06	-1.1329043582e-06	-1.0793477894e-06	-3.3643538064e-07
-6.5854437658e-07	-1.5738978387e-06	-4.8447862648e-07	-2.0168829759e-07	-7.8345995087e-07	-1.2056565556e-06
-3.9287423882e-07	+7.4583871980e-09	-1.0785947343e-06	-3.5151052754e-07	-2.5807745770e-08	-4.2238636451e-07
-1.9348152911e-07	-6.8817476687e-07	-2.1540728624e-07	+1.8160736283e-07	-6.5501953519e-07	-2.7577201720e-07
-5.2285628598e-09	-5.7372864139e-07	-3.7860193806e-07	-5.0437966137e-07	-3.8805972241e-07	-4.2380459987e-07
-9.0698033153e-07	-6.5023434231e-07	-5.8147854173e-07	-7.4323850640e-07	-9.9321111774e-07	-1.0557586416e-06
-7.2296462988e-07	-1.2113433750e-06	-9.3690245745e-07	-8.7389648888e-07	-8.7653956978e-07	-7.7752066012e-07
-2.0943198323e-06	-1.2571105047e-06	-1.3428527569e-07	-1.2189208791e-06	-1.3433887401e-06	-8.7863892714e-07
-9.3182609057e-07	-1.0155900081e-06	-8.0614041809e-07	-9.3814394622e-07	-1.2644290160e-06	-5.8158394545e-07
-4.6637704924e-07	-6.3605454657e-07	-4.5111744289e-07	-5.2997594845e-07	-4.8313491422e-07	-5.6683005730e-07
-4.6667941083e-07	-1.3765894164e-07	-6.7168928034e-08	+1.2251518386e-07	-2.6869807669e-07	-3.8450962513e-07
-2.3498306207e-07	-9.5031237804e-08	+4.2882566461e-07	+5.4596574399e-08	-7.1970370423e-07	-3.9527956171e-08
+9.9276362550e-07	+4.8545129461e-07	+3.0741275762e-07	+9.0500761765e-07	+8.9557795118e-07	+4.5258286333e-07
+5.5768692102e-07	+1.2176868372e-06	+9.4155130246e-07	+8.7938140287e-07	+1.6419189030e-06	+1.2090543083e-06
+8.3489831602e-07	+1.3411195369e-06	+1.2245620007e-06	+1.1093039634e-06	+1.6128948735e-06	+1.4967815411e-06
+6.5545669786e-07	+9.6309591909e-07	+1.5851699407e-06	+1.2701859421e-06	+1.2485693528e-06	+1.5435321697e-06
+1.4977573725e-06	+1.0488964314e-06	+8.5587235014e-07	+1.1883085832e-06	+2.0389195918e-06	+2.1852913094e-06
+1.4070648971e-06	+1.6655258299e-06	+1.6350233079e-06	+9.1820105740e-07	+1.2016053501e-06	+1.6614164075e-06
+1.5244165221e-06	+1.3590480631e-06	+7.2618449440e-07	+8.0757531536e-07	+8.0354229543e-07	+4.0305209063e-07
+9.0818198161e-07	+7.8223605667e-07	+2.6639481813e-07	+5.1913796458e-07	+5.7869594225e-07	+4.8704227513e-07
+1.9678439626e-07	-2.1783852094e-07	+2.1361574972e-07	-2.9299469167e-07	-5.5273834209e-07	-7.6671115441e-08
-1.4148867613e-07	-6.2060969380e-07	-4.8744545372e-07	-2.2338637771e-07	-8.0841083000e-07	+7.3958560715e-08
-4.4987663339e-08	-7.2729348912e-07	-4.4992678386e-07	-5.7263658139e-07	+3.6907382548e-08	-2.9758253540e-08
-4.3974104478e-07	-4.1614096478e-07	-3.5598565515e-07	-3.3329799699e-07	-5.1893315816e-08	-2.8227278093e-07
-5.3085001404e-07	+4.3180609298e-07	-1.2977221376e-07	-8.0766791455e-07	-3.5636714933e-07	-4.8038158482e-07
-5.2855203518e-07	+2.8611926736e-07	-3.4262589009e-08	-5.1530729856e-07	-2.9597129514e-08	-4.1563288309e-07
+9.5883776681e-08	-2.0956006884e-07	-8.6680424442e-07	+1.1467660284e-07	-2.2804286905e-07	-5.5954503950e-07
-7.0759960399e-07	-7.4602904486e-07	-1.1812676162e-07	-2.7440007865e-07	-5.2542655147e-07	-4.3359550691e-07
-3.3350210779e-07	-7.1190571020e-07	-5.0311607369e-07	-3.3690874298e-07	-9.4919485767e-07	-1.8074348932e-06
-2.1541759454e-06	-3.3225195796e-06	-5.2723367494e-06	-5.5437423282e-06	-5.5685022805e-06	-4.3787167470e-06
-5.8948003292e-07	+3.3124428566e-06	+6.9243833989e-06	+8.2445095383e-06	+5.6905098386e-06	+4.5901737897e-07
-3.6653083426e-06	-2.9322385071e-06	-2.0170469304e-06	-7.2097245773e-06	-5.8837328371e-06	+1.9539610433e-07
-6.3629784186e-07	+6.8899397423e-06	+8.0011678935e-06	-5.3971216099e-06	+8.9853429953e-06	+2.8955893232e-05
-3.2772727923e-06	-1.9165217929e-05	+1.1819085547e-05	-5.7211411026e-06	-4.7362073507e-05	-4.6279505529e-05
-3.7931146429e-07	+9.9028211876e-05	+8.0132050256e-05	-5.9466750652e-05	-5.2219599914e-05	+1.3884555757e-05
+1.4246996970e-05	-9.4247633984e-05	-3.9457962335e-05	+2.5810290933e-04	+7.8254479590e-05	-2.2887334879e-04
-1.2889965885e-04	+3.4645238282e-06	+1.2225235625e-04	+3.9610195350e-05	+1.1021543933e-05	+5.3520912541e-05
-1.7742345180e-04	-6.6305385164e-05	+7.1279926039e-05	-3.5064181264e-05	+3.3864236740e-05	+1.2581758390e-04
+1.4377760825e-04	-3.8070556916e-05	-7.1799987334e-05	+1.6121440800e-05	-6.7504683167e-05	-4.4776884629e-05
-8.6690907279e-05	+4.5837839519e-05	+1.3188828431e-04	-2.1703519411e-04	-3.0597145577e-05	+1.6960588067e-04
-6.4015383598e-05	+1.7357038467e-04	+2.0078883954e-04	-1.1409326297e-04	-1.8099647666e-04	-5.2557159616e-05
-1.3856835363e-05	-1.6310724877e-04	+2.3731874209e-04	+2.7764340351e-04	-3.1394293044e-04	-2.0924567831e-04
+1.1519883266e-04	+5.7915985382e-05	+3.4745796641e-05	+1.4564012667e-04	+9.3865803694e-05	+7.0491602424e-05
-2.9940396274e-04	-3.0501430238e-04	+2.9562628239e-04	-4.5486607372e-05	-8.5242113848e-05	+2.3156930659e-04
+1.8149070592e-05	+4.5203336329e-05	-2.3272953369e-04	-1.3683275003e-04	+3.3679166888e-04	-3.5525405898e-05
-2.0503235113e-04	+2.6451232825e-04	+9.5410428081e-05	-4.3283488600e-04	+2.3707689743e-05	+4.0060150816e-04
+1.7356228637e-04	-1.5438181601e-04	-4.8407931982e-04	+6.6265633532e-05	+2.3231863740e-04	-2.2688488793e-04
+9.6539480951e-05	+1.0030563110e-04	-5.4853013349e-05	+3.1544118824e-04	-1.3187155523e-05	-3.8597224555e-04
+6.8095251679e-05	+3.4420350289e-05	-1.4369292854e-04	+1.8323840256e-04	-1.1002081666e-04	+8.4502278627e-05
+4.1875649632e-04	-4.5253178693e-04	-2.8261141315e-04	+2.8984830256e-04	+1.0343288371e-04	+1.6231897474e-04
-1.4799072527e-04	-2.7380663136e-04	+1.0276377594e-04	-9.7241845368e-05	-2.0412193961e-04	+2.9731441650e-04
+3.9879276977e-04	+3.9715448233e-05	-2.0117295454e-04	-1.4108683159e-04	-5.0940740583e-05	-1.8564888610e-04
+8.4940038812e-05	+2.8055071570e-04	-1.2837051158e-04	-1.4131637059e-04	+1.1593658445e-05	+1.0846272994e-05
+1.7207269451e-04	+1.3302498179e-04	+2.9900792784e-05	-1.2388020235e-04	-2.3109309762e-04	+9.3089847868e-05
+1.2592813172e-04	-1.1246911497e-04	+2.1224797248e-05	+9.5068341646e-05	+1.6201555436e-05	-1.2244418699e-04
-2.3016985229e-04	-2.1730161909e-05	+1.4216711346e-04	+1.7471633443e-04	+7.4027509876e-05	-1.1996283314e-05
+1.1263409353e-04	-4.0901264586e-05	-1.0188862034e-04	-1.0884869414e-04	-5.8736023814e-05	+1.2680582482e-04
-1.0640508207e-04	+2.9601362596e-08	-4.3002379754e-05	-1.5843543945e-04	+2.3836669344e-04	+1.0520199825e-04
-4.5958089547e-05	+1.0557705647e-04	+1.1049697276e-04	+5.1068677215e-05	-1.3044227408e-04	-2.7632624657e-04
-1.8187763696e-04	-8.3970978209e-05	+1.0770926874e-04	+3.1483235329e-04	+1.8784426749e-04	-4.2839989437e-05
-7.8137208746e-05	+4.5537798384e-05	-1.2179826689e-04	+5.8034044857e-06	+2.2588313963e-04	-3.2971651760e-04
-2.3639518685e-04	+2.4941883700e-04	+2.0563127744e-05	-8.7798563684e-05	-1.0144430037e-04	+1.5822454695e-04
+2.5174579891e-04	+1.2614577911e-05	+2.5209465580e-04	-2.4001684586e-04	-4.3136609722e-04	+1.5985763888e-04
-1.6942199813e-04	-7.5539998012e-05	+3.4133174849e-04	-8.8247330719e-05	-2.2183775010e-04	+1.9490572307e-04
+2.6219071735e-04	+4.4172924332e-05	-5.5600663116e-05	-1.8962023969e-04	-1.1516039151e-04	+1.1013303450e-04
+5.9886768386e-06	-1.2929807044e-04	+5.1753339693e-06	+1.5369430013e-04	+1.8494598463e-05	+2.6177235642e-05
+1.3984265976e-04	-1.7045926467e-04	-2.3240797026e-04	+2.1929027101e-04	+1.6328056393e-04	-2.9081451772e-04
-6.4511162920e-05	+8.1265099561e-05	-2.8857608953e-05	+2.3543913730e-04	+4.6762979403e-05	-1.9444227568e-04
-1.0038486647e-05	-1.9855800017e-05	-2.3900206915e-05	+4.0871355609e-05	-7.3400031171e-05	+4.1334041125e-05
+2.3562164383e-04	+1.0509279810e-04	-9.7996050952e-06	-1.9821251976e-04	-1.8666664957e-04	-5.0202170281e-05
-2.0384441318e-04	+1.6689213410e-04	+3.8531015606e-04	-7.9447529226e-05	-4.9438066784e-05	+5.3629608658e-05
+1.0323470545e-05	+1.0115508202e-04	-1.1127177118e-04	-2.2443132918e-04	-1.5717750439e-04	+6.9735366336e-05
+1.7940782540e-04	+1.4690908750e-04	+8.8124141465e-05	-2.4277488981e-04	-4.8313627654e-05	+1.9531265317e-04
+1.2242566916e-04	-3.9213796064e-05	-1.6281512043e-04	-5.8838001577e-07	-2.8825702585e-04	-1.9934726878e-04
+2.6539453362e-04	+2.0683113157e-04	+1.7547219872e-04	-1.0641513189e-04	-1.3060965921e-04	+1.8258411915e-04
+3.6334259719e-05	+6.7016192999e-05	-3.1741189038e-05	-3.6018665452e-04	-1.9738677856e-04	-2.3447179128e-05
+1.7886025046e-04	+2.4624504648e-04	-4.9500875108e-05	+1.5718807754e-04	+2.0548483460e-04	-2.0921003621e-04
-2.0529548866e-04	+3.8567682723e-06	+1.7311168208e-04	+1.1612408537e-05	-1.3976548475e-04	-1.3646314128e-04
-2.1305301481e-04	+6.3335592808e-05	+2.5259787032e-04	+6.2401635634e-05	-9.8786477197e-05	+1.3579631034e-04
+1.6510890246e-04	-9.9352689203e-05	+3.4859021755e-05	-7.0609780562e-05	-2.7712573878e-05	+1.4542754556e-04
-3.0224378960e-04	-1.9892434014e-04	+1.6644979032e-04	-7.0952536836e-05	+8.9251568350e-05	+2.7949826517e-04
-5.3099471632e-05	+1.3071189624e-05	+1.8526230863e-04	-7.5201079573e-05	-2.1729277273e-04	-1.3996230407e-04
-2.0587515211e-05	+1.6404751311e-05	-7.4597768296e-05	+6.1919981585e-05	+2.3204787307e-04	+1.8663567266e-04
+6.8760587973e-05	-1.5664580318e-04	-2.6529093971e-04	-6.9895004892e-05	+9.8038595391e-06	+1.0990137684e-05
+1.8168952656e-04	+1.6916339492e-04	+6.8333268379e-05	-2.2394567693e-04	-3.3564616039e-04	+9.9303570000e-06
+6.0012719067e-05	+9.2059643228e-05	+1.1176586002e-04	+6.9328169418e-05	+2.6227577699e-04	+3.0721843447e-06
-3.5745757097e-04	-2.0361158081e-04	-3.7555113228e-05	+1.0892748615e-04	+1.5135585935e-04	+1.8551632838e-04
+2.8991747449e-05	-2.9806311590e-04	+6.4653855383e-06	+1.0160032325e-04	-2.5569112479e-04	-7.7686774386e-05
+4.1729674372e-04	+1.5165893216e-04	-4.1560469632e-04	+9.0852486723e-05	+2.4351375191e-04	-1.4590551955e-04
+1.5363886160e-04	+4.3061129258e-06	-3.3983885920e-04	-6.4473316932e-05	+1.2908204841e-04	-7.1006325915e-05
-2.5174862610e-05	+2.6994025678e-04	+1.4865394543e-04	-7.1938543602e-05	-2.3665595335e-04	-1.1796613525e-04
+1.9847918700e-04	+1.3224281495e-04	-6.3663141875e-05	-2.1897624367e-04	-4.4848182719e-05	+8.5486789207e-05
-2.8826982140e-05	+1.2468966455e-04	-2.0390680018e-05	-1.6895420139e-04	+3.1196870722e-04	+3.6663727916e-04
-1.9755245857e-04	-2.3028290013e-04	-7.9630627953e-06	-2.0594757757e-04	-8.8549130287e-05	+9.9795870427e-05
-6.8727884616e-05	+1.8453056644e-04	+1.5813554066e-04	-1.1615783538e-04	+5.2591940143e-05	+3.6465755782e-06
-9.9836977663e-06	+1.1073375516e-04	-3.7572671281e-05	-1.5433533907e-04	+8.0370470953e-05	+1.1324061556e-04
-1.5361952039e-04	-9.0480727757e-05	-1.6552558127e-04	-2.8437340533e-05	+2.6804574374e-04	-1.1281684885e-04
+1.1010061687e-04	+2.2926198715e-04	-2.9821070391e-04	+2.3714256243e-04	+1.6110719419e-04	-3.1927315252e-04
-8.5836418287e-05	-3.3686959812e-04	+1.4759362899e-04	+3.3248192981e-04	-8.7077841963e-05	+1.7535729698e-04
-1.8371318536e-04	-2.3749046081e-04	+8.2678231327e-05	+1.1327343347e-04	+3.6982958529e-04	-1.3118437818e-05
-2.2691555568e-04	+8.2231277407e-05	-1.3514412327e-04	-1.5371734776e-04	+7.5980854125e-05	+2.0016235627e-05
-9.2662452702e-05	-9.2577422056e-05	+1.6914592694e-05	-1.4792513734e-05	+4.9274180010e-07	+1.6504454826e-04
+1.0479130948e-04	+6.3724212490e-05	+2.2668591158e-04	+9.0505099871e-05	-1.7344605704e-04	-1.3130773831e-05
-1.4121583457e-04	-2.1975142954e-04	+1.0272574278e-04	-1.3297397387e-04	+3.3212821162e-04	+7.5532368697e-04
+2.6882998966e-05	+4.1642095484e-06	+1.5749754477e-04	-2.6949143701e-04	-5.9786580827e-04	-3.8552747293e-04
-1.8928351561e-04	-2.5999719808e-04	+5.4603968657e-05	-1.3998964304e-04	-4.3411253468e-04	-1.4126585050e-04
+3.0486889665e-04	+8.9336498413e-04	+7.4477840669e-04	+2.9631001481e-04	-1.2333291511e-04	-6.0799910681e-04
-4.1339310563e-04	+9.0569658960e-05	+4.0452091072e-04	+2.8528488972e-04	-1.0769468199e-04	-6.8331338358e-04
-6.2795641436e-04	+3.7343652250e-04	+7.1042523990e-05	-5.7729546604e-04	+2.4199680714e-04	-4.1619755797e-04
-6.4749167190e-04	+8.9849769894e-04	+3.7141693061e-04	+6.3863936348e-04	+1.2721525324e-03	-4.9855142253e-05
-6.1479877046e-06	-2.1949163150e-04	-1.5244134313e-03	-5.3015601185e-04	+1.7373016308e-03	+1.1447351081e-03
-1.3321952832e-03	-1.8184225682e-03	-7.8166393847e-04	+7.8865624260e-04	+1.0443476386e-03	-6.2465051701e-04
-1.0975362325e-03	+3.0631835852e-04	+1.6217617314e-03	+6.8009631462e-05	-3.0384133143e-04	+1.4632827301e-03
+8.4016079956e-04	+3.8494971211e-04	-9.8460078502e-04	-2.0462314908e-03	-7.3564327422e-04	-2.5933536021e-05
+4.0279608773e-04	+7.2891425901e-04	+6.9218137542e-04	+4.8603950852e-05	+2.7717625153e-04	-6.3343206313e-04
-1.4557454618e-03	+6.6378399599e-04	+3.2486882481e-04	+1.1592472340e-04	+1.1639130934e-03	+2.6141016586e-05
-8.6906285672e-04	-1.1105688973e-03	+1.5171064230e-04	+1.0063857835e-03	+1.3888059905e-05	+8.3215671867e-04
+5.4499324795e-04	-1.0730683327e-03	-3.7760667556e-04	-1.1026283314e-03	-5.2566788337e-04	+2.0831252136e-03
+2.7663748084e-04	-8.9422786281e-04	+2.8326064309e-04	-1.6897612703e-04	-1.4871201480e-04	-6.6815586012e-04
-1.2605179601e-03	+2.3116133140e-04	+4.5252557991e-05	-3.1821065938e-04	+1.9235580211e-03	+5.8278543638e-04
-1.5219241410e-03	+2.6957294047e-04	+3.7563906119e-04	+4.2214501204e-04	+1.7348305887e-03	+6.6372014675e-04
-1.6719936102e-03	-2.1015320741e-03	+1.4143560627e-04	+1.5306510306e-03	+2.3526029555e-04	-7.9107998431e-04
+4.4491374444e-04	+1.1506793083e-03	-5.7021006531e-04	-1.3373136165e-03	+8.7836252407e-05	+7.9248841231e-05
-8.9449046917e-04	+5.0466177660e-05	+3.7870662700e-04	-5.3130617276e-05	+5.1329519114e-04	+5.2585841274e-04
+2.6605488779e-04	+4.7757847516e-04	+2.6014794535e-04	-9.4897369735e-04	-4.5299572328e-04	+6.2346439357e-04
-8.7008942145e-04	-2.4633637077e-04	+1.6300872309e-03	-2.5018285533e-04	-6.6928364059e-04	+5.8346268678e-04
-1.1127466142e-03	-2.6601665887e-04	+1.2179042526e-03	-5.9392723559e-04	-1.3516739089e-04	+4.6725716364e-04
-5.9763606720e-04	+6.6328980643e-04	+1.1747877259e-03	-1.2711421154e-03	-1.1631061633e-03	+6.1650865267e-04
+3.1335411383e-04	+4.3059399322e-04	+1.5569624522e-04	-4.5193028849e-04	+4.5604599785e-04	-3.7970615431e-04
-1.0670699698e-03	+2.9935924916e-04	-9.6569000151e-05	+1.9171125579e-04	+1.5056103916e-03	+3.4325389480e-04
-7.5421943759e-04	-4.0381779638e-04	-5.0665306429e-04	-7.2868740049e-04	-1.5764920408e-04	+4.3941794086e-04
+4.9810552924e-04	+1.3559938372e-04	+5.0818129375e-04	+1.0216537692e-03	-6.4308269390e-05	-9.3248399844e-04
-5.4179062877e-04	-7.1470892462e-04	-5.8100631545e-04	+6.1182826930e-04	+9.0351813226e-04	+4.7347744397e-04
-2.1693988804e-04	+2.5132510916e-05	+4.9812925024e-04	-7.2405304484e-04	-4.9965021308e-04	-2.9211201848e-04
-5.0754792094e-04	+6.3853061422e-04	+2.5665293448e-04	+4.1454550073e-04	+4.4585301114e-04	-5.1196820941e-04
-2.4527706113e-04	-5.5710169284e-04	-2.7278248142e-04	+2.9852478714e-04	+4.5646140974e-04	+1.3325402597e-03
-2.7295628533e-04	-9.3479431020e-04	+1.1243569610e-03	-1.3058159653e-04	-7.4974149375e-04	+5.2806658657e-04
-6.5916450090e-04	-1.2344175395e-03	+7.1472801393e-05	+4.3277494160e-04	+1.0187629334e-04	+7.9196094930e-04
+3.9669954651e-04	-4.2962646980e-04	-4.7342740837e-05	+6.9923733569e-05	+1.1268292740e-04	-3.0364054363e-04
+2.8228687730e-04	+6.3774046797e-04	-3.5122348858e-04	+1.3020118139e-05	-7.1917360560e-04	-8.2937977658e-04
+6.9066435906e-04	+2.8292619544e-04	+3.5825873570e-04	+3.2387472964e-04	-9.0835857298e-04	-3.3295309540e-04
+8.0006203987e-04	+1.7584357190e-04	-4.1534036909e-04	+3.4410344098e-05	+1.2300541862e-04	+4.4522065821e-05
+2.0154088650e-05	-3.4131094362e-04	-2.1028657449e-04	+7.1199372335e-05	+3.3477715483e-04	+4.7079249906e-04
-3.0164007380e-04	-3.6090357749e-04	+1.1453398008e-04	+3.4673782510e-04	+1.6585558352e-04	-8.1156929701e-04
-7.7035481463e-04	+2.7200391846e-04	+1.2022357189e-03	+5.9939263225e-04	-2.2273209351e-04	+8.9499008724e-05
-6.5323246369e-04	-5.8563975505e-04	-1.9921685828e-04	-6.5892650528e-04	+6.0317360528e-04	+1.0805707670e-03
-2.2244009738e-04	-1.9991809799e-04	+3.1074425136e-04	-5.1407416721e-05	-5.8196062841e-04	-2.0438092081e-04
+5.3049142561e-04	+2.3742625167e-04	+2.2582065739e-04	+2.3824997018e-04	-2.2259420777e-04	-3.7597211298e-04
-2.2181638753e-04	+3.3834172716e-06	-7.8837268345e-06	+3.8653949677e-04	-2.0844881828e-04	-7.9900707039e-04
+1.7093507281e-04	+4.0752727939e-05	-1.5634193248e-04	+4.9091137985e-04	+5.4138491298e-04	+4.9332400158e-04
+1.8894285289e-04	-7.5686147129e-05	-5.6551786845e-04	-7.9506648868e-04	+1.7097604813e-04	+2.4892573184e-05
-1.7010973344e-04	+3.2626796886e-04	-9.8389284818e-06	+2.0172237107e-04	+3.1121290244e-04	-2.5365097307e-04
-1.1525369667e-04	+4.3049219101e-04	+1.3996114460e-04	-5.0059119173e-04	-3.8431996639e-04	-1.3140046883e-04
-1.7726716476e-04	-2.4368120858e-04	+2.4923785956e-04	+7.5013352584e-04	+1.8364061282e-04	-1.5073223190e-04
-4.0271346453e-05	-3.3319487388e-04	-2.6453560500e-04	+1.0357156189e-04	+2.6469253684e-04	+3.3408818426e-04
+3.0256603930e-04	-1.5786932232e-04	-4.3659123700e-04	-1.0846071767e-04	-2.3142223005e-04	-5.6342178809e-04
-2.3871352289e-04	+3.3567725680e-04	+3.9974860329e-04	+5.2324616875e-04	+8.0996410720e-04	+9.6604069710e-05
-3.7985423895e-04	-4.4679699771e-04	-5.9622817150e-04	+7.2267829432e-05	+1.2299023014e-04	+2.2080097779e-04
+6.8133849883e-04	-1.0136662634e-04	-5.2945995219e-04	-3.8661231655e-04	-5.0458211143e-04	-1.8751713344e-04
+3.5230248334e-04	+5.4790876886e-04	+4.6771356388e-04	+3.6996012819e-04	+1.4305828239e-04	-2.2541114251e-04
-1.9501740736e-04	-2.1262759360e-04	-2.7032145201e-04	+1.8466926163e-05	-2.0488150927e-04	-2.6449406966e-04
+1.5250054619e-04	+2.9010326602e-04	+3.6660744163e-04	+7.5463536385e-05	-3.9428511997e-04	-3.2763679984e-04
-1.7025876123e-04	+7.9856161158e-05	+5.8722424212e-04	+2.9364653227e-04	-2.1785072165e-05	+1.6175653209e-04
-3.6231601112e-04	-3.4734835481e-04	+1.2022677175e-04	-2.4850010803e-04	-5.4593366877e-05	+1.8583493266e-04
-8.5316722618e-05	+2.3574508178e-04	+1.1371032036e-04	-1.9427986148e-04	+9.8449614902e-05	+7.8161796297e-05
-1.2745325679e-04	+3.0702904573e-05	+1.4891077688e-04	-6.4672981494e-05	-1.2963009248e-04	-3.5516329410e-04
-2.9928831359e-04	+3.1453246116e-04	+7.7890350066e-05	+1.6616083270e-04	+3.9724592437e-04	-3.0521617895e-04
-2.2832961227e-05	+1.8856784630e-04	-8.2432592849e-05	+1.7678178442e-04	+9.7582486750e-05	-2.1195177481e-05
-1.9910131460e-04	-1.8993585526e-04	-1.7626489782e-04	-2.8193576603e-04	+1.7147883156e-04	+1.9108040268e-04
+2.5409082902e-04	+2.2132269321e-04	-2.7963614410e-04	+9.2369393543e-05	+6.2264136805e-05	-4.7798991283e-04
-2.5090030959e-04	+2.4882243947e-04	+3.8760215271e-04	+8.0321207279e-05	-1.7062426852e-05	+1.4259474504e-04
-1.6783853105e-04	-4.1303688861e-04	+1.8017036062e-04	+5.6166649246e-05	-4.1346837237e-04	+1.1330294401e-04
+2.8749250579e-04	+1.4781802200e-04	+2.0885421950e-04	+9.9514041778e-05	-2.5545355020e-04	-4.3357448621e-04
-2.0985277108e-05	+4.2106927306e-04	+3.8517276479e-04	-7.5121297322e-05	-4.0577898963e-04	-3.3027705674e-04
-1.1523400599e-04	+2.4220491402e-04	+1.6904842158e-04	-4.4542556716e-05	+3.1939427001e-04	+1.2860463816e-04
-3.4908330846e-04	-3.5883590913e-05	+2.2319806820e-04	-1.4260262526e-04	-1.1278547027e-04	+1.6505576015e-04
-6.9232668694e-06	+2.4013719017e-04	+2.5047791526e-04	-1.9077726034e-04	-2.4594583763e-04	-3.9747586519e-04
-2.1861402106e-04	+2.3175776727e-04	+1.3032259336e-04	-9.8732671177e-06	+6.8183634614e-05	-8.4828356248e-05
-1.1377618890e-04	+2.3372229781e-05	-1.0109365212e-04	-2.1409050918e-04	-2.2156427065e-04	+3.4689657976e-04
+6.9254921923e-04	-3.0836899871e-05	-1.5820775229e-04	+1.0924522644e-04	-7.4538471367e-05	-2.0672773655e-04
-1.4723514089e-04	+1.4301884847e-04	+2.6975163632e-04	+4.2254293998e-05	-1.9232508121e-04	-1.5030962035e-04
+5.7822791741e-05	+9.0577674780e-05	-1.0748042069e-04	+3.9214845263e-05	+8.6661119258e-05	-3.5801921787e-04
-1.5731452663e-04	+2.2723481961e-04	+1.3292601174e-04	-1.6640895871e-05	-5.4915519581e-05	+4.3214184889e-05
+1.9336130870e-05	+2.9373045827e-04	+3.2025093049e-04	-3.7765117231e-04	-2.5390998517e-04	+1.2127643978e-04
-8.9694558972e-05	-4.5307416891e-05	+1.1560847979e-04	+1.7326200401e-04	-9.2148657075e-05	-3.0430605796e-04
-8.7863400223e-05	-8.9241234195e-05	+1.3108395103e-04	+3.6730641008e-04	+2.5654422459e-05	+2.8816344656e-04
+2.7523471357e-04	-3.8408329038e-04	-2.8152286129e-04	-2.2513316061e-04	-8.1398695858e-05	+8.6647223461e-05
-1.6651425954e-04	-1.0808548708e-04	+2.2779917117e-04	+4.3954986589e-04	+4.6840864620e-05	-1.8331089331e-04
+3.2634297593e-06	-7.6983295062e-05	-2.4866359852e-04	-1.2112068403e-04	+1.2469447727e-04	+7.5985868943e-05
+1.1443379329e-04	-3.5047975147e-05	-1.6805499855e-04	+8.3665305433e-06	+1.6191490507e-04	+4.1035873975e-04
+8.4406170309e-05	-2.1878407015e-04	-1.6156792427e-04	-2.8096820936e-04	-2.7770447287e-05	+2.7482656569e-04
+1.9244893203e-04	-2.0592790795e-05	-2.6457825388e-04	-3.3758143928e-04	+9.0500767761e-05	+2.0900589015e-04
+9.4338642020e-05	+3.9707275721e-04	-3.4820913830e-05	-2.8610335435e-04	+9.7884752537e-05	-1.6592847495e-04
-1.1182565107e-04	+2.1436138322e-05	-2.9612975313e-04	-3.3901574348e-05	+4.2473662850e-04	+3.0933552235e-04
-1.1385312917e-04	-2.2988616987e-04	+1.6629002946e-04	+3.8080584184e-04	-2.4764973046e-05	-2.3509641187e-04
-2.7173049356e-04	-2.5249620464e-04	+2.4866899078e-04	+2.2558901852e-04	-2.3607337053e-04	-2.5028583538e-04
+5.0925481082e-06	+3.1412306020e-04	+2.1760753268e-04	-1.7622561125e-04	-1.8376451431e-04	-1.4106554183e-05
+3.2769876355e-06	+1.9791569565e-04	+7.8610534068e-05	-1.5251050378e-04	+1.6055610172e-04	+7.3324712935e-05
-1.4429387210e-04	+7.2950867856e-05	+1.2128851870e-05	-1.3934233222e-04	+2.1649957649e-05	+8.9657994142e-05
-3.0617476119e-05	-6.7954927895e-05	-3.6142249604e-05	+2.0329756389e-05	+1.2204520603e-04	+1.5705529075e-04
-1.4944719581e-05	-3.3461893582e-04	-1.8626166349e-04	+2.3183840121e-04	+3.6484375346e-05	+9.1027044625e-06
+1.1086256467e-04	-1.7337955000e-04	+5.1583283575e-05	+1.3237473520e-04	-1.8021574736e-04	-4.2289308358e-05
+9.7684101359e-05	+6.6229137952e-05	+8.2542197356e-06	-1.2273708696e-04	-1.4300407775e-04	+1.7491508952e-05
+1.8099642706e-04	+1.7289317062e-04	+1.0725948398e-04	-8.9780567707e-05	-2.8013796558e-04	-2.1516609253e-04
-2.8670803654e-05	+1.6744045473e-04	+1.2515207751e-04	+4.3278091726e-05	+5.8374818916e-05	-7.8502135799e-05
-1.8578011918e-04	-3.2077316537e-05	+2.4193198065e-04	+1.1354685920e-04	-2.1171831906e-04	-1.1081805307e-04
+2.1023770939e-04	+1.4828276032e-04	-1.1195370812e-04	+1.4186840828e-05	+7.5425716440e-05	-8.4008155763e-05
-1.6349148554e-04	-3.0537583187e-05	+2.6454911553e-04	+3.3671800940e-05	-1.9933763583e-04	+1.2171597142e-05
-1.1792195255e-04	-7.1262054584e-05	+3.0360136882e-05	-1.9438422971e-04	+5.8666809870e-05	+1.0871522946e-04
-7.4994619459e-05	+1.7105436902e-04	+4.7565836738e-04	+2.2762030175e-04	-3.8270784243e-04	-1.8677670444e-04
-9.4554138237e-06	-1.9391158862e-04	-1.0673872366e-05	+2.1653792058e-05	+1.3006412332e-04	+2.8969020965e-04
+5.0306188412e-05	-1.4322332197e-04	-1.2389297682e-04	-2.4843400760e-04	-1.4225419327e-04	+7.6333705042e-05
-4.6638385024e-05	+1.6153453739e-04	+1.6472845723e-04	-3.9836006383e-05	+1.2175208384e-04	-1.2794147225e-04
-2.8181902704e-05	+1.7073200578e-04	-3.7562635483e-05	+9.2020115039e-05	-1.4491269047e-06	+4.0246506311e-06
+8.3860813192e-05	-8.4524296927e-05	-1.2556248353e-04	-2.2232069873e-04	-6.0092597126e-05	+2.0542790080e-04
+7.6937268377e-05	-6.7969403982e-05	+4.5922271866e-05	-2.5788647431e-05	-1.8644351613e-04	+8.7842184037e-05
+1.3439211207e-04	+3.5819358592e-05	+2.3648373714e-04	-5.7750671972e-05	-3.8401925688e-04	-1.1086337525e-04
+4.1261347187e-05	-2.7537778102e-05	+1.2380424195e-04	+1.5820353677e-04	+1.2296410198e-05	-2.4646326255e-05
-3.6572472185e-05	+2.3968573267e-05	-1.0107696086e-04	-9.2703908993e-05	+8.7707429206e-05	-1.8727420915e-06
+1.2204180602e-04	+9.8287315787e-05	-1.7323687986e-04	-1.7321342813e-04	-2.2147126284e-05	+2.1829541653e-04
+8.1513109557e-05	-7.8609349874e-05	+2.1336629967e-04	+1.6609997918e-04	-6.6050811265e-05	-1.5358581505e-04
-3.4304202153e-04	-1.6479608601e-04	+1.0566018407e-04	+1.0731285156e-04	+2.0047845322e-04	+1.6708677277e-04
-2.7799428167e-05	-2.6904261203e-04	-1.0779233095e-04	+2.6654841329e-04	+9.5210231431e-06	-1.8916058554e-04
-2.2617426343e-05	+3.3740763331e-05	+6.1992685460e-05	-1.0187394137e-04	-1.2569639919e-04	+1.5300552014e-04
+1.8935760525e-04	+7.4669184930e-05	-7.1817161710e-05	-2.6696824227e-05	-2.0329261280e-05	-1.3733957123e-04
+3.0614687251e-05	-5.7265436996e-06	-3.5056955709e-05	+1.6141588377e-04	+1.7967984030e-04	+3.1339318338e-05
-1.5105275376e-04	-6.3508952128e-05	+8.6241283120e-05	-6.1907903712e-05	-1.4415483268e-04	+3.4116642971e-05
+4.7433293132e-05	-8.7040082772e-06	-6.6921119899e-08	-1.8898815582e-04	-1.4448264222e-04	+1.3408180914e-04
+1.8742062611e-04	+7.8332563601e-05	+1.1461654818e-05	+2.4884608123e-05	-2.6658059290e-05	-3.6230551904e-05
-1.0549456858e-04	-8.3842102471e-05	+1.6106975043e-04	+2.3017237521e-04	+1.4015763922e-04	-8.1244987966e-05
-1.0065582091e-04	+4.1337045986e-06	-1.5001628915e-04	-1.6959567070e-04	-5.4853832172e-05	+1.9888191587e-06
+6.1714849048e-05	+1.6109478973e-04	+1.0593050074e-04	+6.9624414596e-05	+1.0121712243e-04	-3.1163755632e-04
-3.2240251167e-04	+8.5886480254e-05	+2.1539094509e-05	+2.0359084490e-04	+1.9934068312e-04	-2.1935097986e-04
-8.9430030697e-05	-9.0844527016e-05	-1.8709127926e-04	+1.1316849771e-04	+3.1427742212e-04	+2.4794781212e-04
-5.2143627378e-05	-8.4533442255e-05	-2.9130811214e-05	-1.5813577256e-04	-1.2160159448e-04	-9.1084295901e-05
+1.1858439071e-05	+1.9110827646e-04	+2.1772234858e-04	+7.5069253402e-05	+9.7002573547e-06	-1.2866111657e-04
-2.1482493435e-04	+1.0614901770e-04	+1.0230616150e-05	-1.1898641791e-04	-4.8646054910e-06	-8.8210276344e-05
-5.5818580900e-05	-1.2754965008e-04	+4.1558648799e-06	+1.8755726213e-04	+1.1062425389e-04	+4.9267822316e-05
-1.9209910690e-04	-1.2322243898e-04	+2.3329732964e-04	+1.2136299050e-04	-6.5117278176e-05	+7.5086249778e-05
+1.6553192101e-04	-1.1372625346e-05	-8.1050175513e-05	+1.1093477806e-04	+4.5496753141e-05	-1.2831997283e-04
-1.3653077301e-04	-9.5831093944e-05	+4.0359508894e-05	+3.5696110197e-05	+1.5308629713e-06	+2.1050098639e-05
-9.7454393813e-05	-1.2505067497e-04	-8.5962704244e-05	+3.3770403139e-05	+2.5559822360e-04	+1.1817974082e-04
-1.1241130821e-04	+4.4497672968e-05	+8.6867147226e-05	+6.3473488853e-06	-5.6793790073e-05	-1.7948971087e-04
-3.4178504139e-05	+1.1538612453e-06	+4.5321269310e-05	+1.8862817244e-04	+1.5274407406e-05	-1.3736721470e-04
-1.4372671659e-04	+5.3395615533e-05	+1.4069242895e-04	+2.5034472741e-05	+1.8974876247e-05	-4.9928304302e-05
+2.1938924783e-05	+8.0204491293e-05	-5.9821563509e-05	-1.0059703501e-04	-6.8271835373e-05	+2.4723733451e-06
-7.7737112860e-05	-8.1224195420e-05	+1.1448774013e-04	+4.4745979547e-05	+5.3592810642e-06	+2.0064046701e-04
+7.8776245930e-05	-2.7064980259e-04	-1.6522401263e-04	+1.5879636270e-04	+1.6222243510e-04	+1.1081826889e-05
-1.8912773727e-05	+5.3870656863e-05	+2.3191683982e-05	+2.3543460276e-05	+7.0071791962e-06	-1.1512031093e-04
-1.6622005504e-05	-3.9247767744e-05	-9.2419633435e-05	+1.0875798291e-04	+2.6903114233e-05	-6.0334980827e-05
+2.3498493315e-05	+1.0118872794e-05	+8.8927745636e-05	+1.1780630665e-04	-6.4092125122e-05	-2.8914293857e-05
+9.6310424882e-05	-1.5550047764e-04	-1.9087328383e-04	-4.7849262655e-05	-1.7156900972e-05	+1.0779640633e-04
+7.0377396368e-06	+5.8362347188e-05	+8.5611100852e-05	-1.7327119580e-04	-2.9045848468e-05	+1.1747271531e-04
+5.8199533181e-05	-3.1373156606e-05	-6.3558819118e-05	+3.3902383330e-05	+2.1720121327e-06	+1.2944185186e-05
-2.7892547816e-05	-1.0489741882e-04	-2.7567205685e-05	+1.9138514986e-05	+8.3046400276e-05	+1.3489503071e-04
+1.3943739600e-05	-1.2254520907e-04	-1.5610885454e-04	+2.9494290088e-05	+2.1708352688e-04	+1.4490486063e-04
-2.4006892672e-05	-2.2053898649e-04	-1.2435476604e-04	+4.3706068235e-05	+5.7761681415e-05	+6.3375658555e-05
+1.9118725406e-05	+1.1093118306e-04	+1.1016253632e-04	+3.7985488328e-05	-3.3833378691e-05	-2.3318485901e-04
-1.8149873713e-04	+8.8388528306e-07	+1.2279443321e-04	+1.9104345907e-04	-4.0697006698e-05	-1.1044198322e-04
+5.8081646299e-05	-2.4911557165e-05	+4.1317699372e-05	+5.8027138531e-05	-1.6104245556e-04	-7.4824609681e-05
+5.1062298168e-05	-7.3967574055e-06	-9.9635244726e-06	+1.3871136242e-04	+3.1753715398e-05	-1.5253563876e-04
-1.0803754325e-06	+6.0511113076e-05	+7.7761308276e-05	-3.0161466184e-05	-1.2150453070e-04	+5.7376968496e-05
+8.0635449633e-05	+2.6483529884e-05	+1.9075069089e-05	+5.6509578851e-06	-1.2740371336e-04	-1.9083675051e-04
-4.8855156855e-05	-6.3280082429e-05	+1.1337119225e-04	+3.6756955014e-04	+1.7681778828e-04	-8.6746772815e-05
-2.3554455876e-04	-1.3779320059e-04	+6.0977143831e-05	+8.6447176929e-06	+4.9665845692e-05	+4.4852904492e-05
-1.4412340041e-04	-6.8728206356e-05	+5.6273743341e-05	+4.0499626815e-05	-1.7785359053e-05	-1.4747431600e-05
+6.2341450135e-05	-6.7056333676e-05	-3.1122137634e-05	+1.4310743168e-04	+7.2432822332e-05	+1.6378989768e-05
-1.0275408245e-04	-8.6441553045e-05	+9.2747375382e-06	-3.2815034861e-05	+7.2918231869e-05	+3.5730387040e-05
+3.0551088928e-05	+1.8459054620e-04	+1.8969211290e-05	-1.7717996738e-04	-1.0449606380e-04	+4.1560604633e-05
+8.3243481852e-05	-2.9911087444e-05	-1.0117237016e-04	+7.8922139665e-05	+1.0521270741e-04	-5.3279719597e-05
-3.8180250697e-06	-4.3833107356e-05	-1.2066183183e-04	-6.0409354646e-05	+6.2944738608e-05	+1.3630573599e-04
-3.0081569714e-05	-9.1953341769e-05	-7.7986546190e-06	+2.9935664338e-05	+2.0386384041e-05	-3.8659979160e-05
+5.4450152298e-05	+9.2298481941e-05	+4.3693813069e-05	+7.5063603581e-05	-1.6984125810e-05	-5.5784411044e-05
-6.1985363537e-05	-1.6185203151e-04	-3.0808419316e-05	+8.9199649379e-05	+2.8437990690e-05	+7.2943667196e-05
+8.3725429105e-05	+1.0580211774e-05	-9.0510572946e-05	-1.1823051647e-04	-9.0103652303e-05	-1.3435090444e-04
+2.7538828955e-05	+1.1041852047e-04	+4.6945484441e-05	+1.2970307285e-04	+7.3988910169e-05	+1.2549447179e-04
+3.2381069861e-05	-3.1176296922e-04	-1.4080285151e-04	+5.8485128245e-05	+7.3521142256e-05	+1.5071401643e-04
-1.4366887157e-05	-1.0404633309e-05	+6.0324063319e-05	-7.5376893384e-05	-7.1136248884e-05	-6.2097808775e-06
+5.3127544168e-05	-2.9172762983e-05	-6.7812090410e-05	+8.3761531965e-05	+6.5384654974e-05	-1.9876744465e-05
-1.0352758298e-04	-1.0104234727e-04	+9.5649594942e-05	+9.7855574216e-05	+3.4106378715e-05	+2.8559964334e-05
-8.1653910376e-05	+3.6335373395e-05	+1.3324156140e-04	+2.1964658113e-05	-3.6925651866e-05	-1.2171658876e-04
-5.7707928230e-05	+8.7554051795e-06	-9.5786655809e-05	-3.9522191297e-05	+3.6729191674e-05	+3.7106253375e-05
+1.0542559164e-04	+7.8757538938e-05	-4.9589369253e-05	-7.4318432289e-05	-2.6643458475e-05	-2.1609124684e-05
-6.9476327096e-05	-7.4227276894e-05	+3.3573924625e-05	+5.8290405450e-06	-3.8321640203e-05	+4.7697127354e-05
+5.9225388375e-05	+7.8380415823e-05	+6.3983706191e-05	-7.9234483121e-07	-1.3992364149e-05	-4.3806043784e-05
-1.0654310396e-04	+1.5265670148e-05	+1.9536088731e-04	+1.0939780404e-04	+4.6440728449e-05	-6.3495807813e-05
-2.1886673317e-04	-5.4736630198e-05	+6.8136002350e-05	-8.7108595134e-06	-5.8710943803e-06	+3.4913063185e-05
-9.7523960286e-06	+1.4852863914e-05	+1.3225268375e-04	+3.0387759635e-05	-1.6494505567e-04	-1.2952247702e-04
-4.2530708592e-05	-2.5525566124e-05	+3.0780395442e-05	+7.4678500945e-05	+4.6272199314e-05	+6.3653577624e-05
+4.8150124917e-05	-2.4051300691e-05	-3.1284881536e-05	-9.5238457628e-05	-4.7076660091e-05	+5.4681316651e-05
-1.6244683798e-05	+3.7388750225e-05	+9.9970232013e-05	+1.5273430643e-05	-9.0787917649e-06	-3.5472561574e-05
-1.0077693580e-05	+2.5269926599e-05	-2.4835460800e-05	-8.3152688352e-06	+4.6995918429e-05	+4.0814017256e-05
-1.3622234846e-04	-1.4243042302e-04	+4.8508211674e-05	+7.9907290359e-06	-8.4768127871e-06	+1.0827478891e-04
+1.6564851427e-04	+2.0691453672e-05	-6.4838380873e-05	-1.3631503321e-05	-1.3642576786e-04	-1.0481850231e-04
+6.8089608598e-05	+7.9798932097e-05	-2.4950878495e-05	-9.8809676961e-05	-2.0259531863e-05	+1.1938139841e-04
+1.0565010920e-04	-2.3566534379e-05	+3.4612725277e-05	+7.2275526623e-05	-6.2790121338e-05	-9.5060536260e-05
+2.1346908882e-05	+6.2300771552e-05	-6.4265287677e-05	-5.7451076414e-05	+7.4244664106e-05	+8.8077555580e-05
-2.7002497304e-05	-1.6932405241e-04	-6.2130019846e-05	+1.3299374029e-04	+1.2760825913e-05	-9.5705464868e-05
+2.6220894565e-05	+2.4500485039e-05	-8.2767263817e-05	-1.3547947936e-05	+8.7077462226e-05	+2.4241663954e-05
+1.5239694229e-06	+2.0423866249e-05	-6.1710539642e-05	-1.7630875180e-05	+8.4205770649e-05	-2.6456300299e-05
-4.8168748195e-05	-6.8100033864e-07	+8.8153341257e-06	+6.3520788999e-05	+5.5137928143e-05	+8.6158550161e-05
-1.2575447188e-04	-2.3338781734e-04	+8.0759641594e-05	+1.4562080289e-04	+2.2049020356e-06	-1.9774518900e-05
+3.7389923741e-05	+2.0155317441e-05	+5.4294022625e-05	+8.6894759251e-05	-1.1907113668e-04	-1.8058450219e-04
-4.8120977106e-05	-2.9826806330e-06	+6.6232697846e-05	+8.2847120662e-05	+6.2279390160e-06	+5.0137471213e-05
+3.6777834741e-05	-8.8613918069e-05	-4.0352133563e-05	-2.1781883068e-05	-7.4724447712e-05	+3.8594415765e-05
+9.9550915694e-05	+6.4779514157e-05	+8.4377564837e-06	+3.1387537206e-06	+8.3888286004e-05	+3.1805464288e-05
-1.1150388167e-04	-1.8616992376e-04	-1.3934871466e-04	-2.5218042797e-05	+9.8179007318e-05	+1.6351796134e-04
+8.0457486760e-05	+2.3158515125e-05	+8.2468922822e-05	+1.0635253336e-05	-6.0391673116e-05	-1.9580837808e-05
-1.1245364791e-04	-5.5829112612e-05	+3.8567374212e-05	+7.3108691230e-06	+4.7771620873e-05	-5.1586106041e-05
-4.9464468247e-05	+4.1358216227e-05	+5.1283417454e-05	+6.0829249918e-05	-6.1700430848e-05	-5.6078690181e-05
+1.8618487074e-06	-1.1793048248e-05	+3.0793500939e-05	+1.3724228535e-05	-5.9151992936e-06	-2.1014972205e-05
+7.4450565571e-06	+4.5663870996e-05	-3.3836148895e-05	-9.1465927970e-05	-3.9034054422e-06	+9.5609209169e-05
+7.8559758859e-05	-4.3925964439e-06	-5.1303460881e-06	+8.6407305999e-05	-2.2057465755e-06	-9.9924447545e-05
-4.4835448075e-05	+1.1157484698e-05	+3.9630998012e-05	-1.1016588455e-04	-1.2052769023e-04	+5.8020889432e-05
+2.0730979263e-07	-5.2336231053e-06	+8.1993531024e-05	+7.2601827368e-05	+1.1010971483e-04	-1.3063697180e-05
-8.9844221393e-05	+8.9511807187e-06	-5.2901666821e-05	-8.4394401785e-06	+8.8647755525e-05	+9.0466463342e-06
-5.3299298529e-05	-3.2147049763e-05	+2.6292969195e-05	+1.0396665724e-05	-4.5364978115e-05	-5.0674982393e-05
-2.3459105335e-05	-3.3955758697e-05	-5.0005440718e-05	+6.0847968627e-05	+1.3006840194e-04	+3.3837056518e-05
-3.1743039549e-05	-1.5169035670e-05	-3.4698573300e-05	-5.0143713612e-05	+6.5756408480e-06	+2.4134837647e-05
+3.2472042544e-05	+7.2053794784e-05	+2.7083978641e-05	-6.2609500796e-06	-2.7540514724e-05	-8.1185480479e-05
-1.4713830768e-05	+5.0615961596e-05	+2.6751265191e-05	-1.0896439089e-05	-9.3480110422e-05	-4.7009648421e-05
+1.7472664423e-05	-5.2499460473e-05	+4.5994794128e-05	+1.2614709005e-04	+7.9542403780e-05	+3.6370081511e-05
-8.5041058445e-05	-1.2586033006e-04	-8.6834120524e-05	+7.1133898561e-06	+5.7498879751e-05	+2.1735010073e-06
+4.7385333433e-05	+4.4205173436e-05	-2.3741832399e-05	+1.3037244187e-05	+2.2750327415e-05	-1.1797686496e-05
-6.4798769475e-06	-3.1728375187e-05	+2.9066461389e-06	+1.3557025225e-04	+6.5212016206e-05	-9.7630094704e-05
-8.1367016290e-05	-3.2879533127e-06	+6.0844221036e-05	+7.9766492775e-05	+3.7992345148e-05	-2.3076936855e-05
-3.2884079752e-06	+5.1074298732e-06	-1.3172697176e-04	-1.5419205561e-04	+6.0969479714e-06	+7.5116807891e-05
+3.0684368777e-05	+1.9417818982e-05	-1.7329139511e-05	-6.6962187077e-05	-1.1621885256e-06	+5.1364489909e-05
+3.5069774867e-05	+3.7150750189e-05	+1.0758817972e-05	+2.6539993061e-05	-2.4744931932e-05	-1.1572210513e-04
+3.5886501360e-05	+9.7936905168e-05	+3.7809094603e-05	+5.9667320605e-06	-1.0978999939e-04	-2.2259665867e-05
+4.2744175394e-05	-3.9034278846e-05	-2.4164432337e-05	-3.1646193854e-05	+7.2454198023e-05	+1.4928432948e-04
+4.5348213089e-05	-4.0164005505e-05	-5.6370503972e-05	+2.3756352668e-05	+5.9912407901e-05	-1.6272123187e-05
-5.9616175621e-05	-4.4066054166e-05	-3.4933487783e-05	-4.1791075777e-05	-5.9884689679e-05	-4.4478661299e-05
+4.7598554613e-05	+4.6436169020e-05	-3.2440825253e-05	+5.4227562083e-05	+5.9550499619e-05	-5.1679219030e-05
+1.2590439177e-05	-2.0272182862e-05	-1.0696820837e-04	-1.5237991448e-06	+8.0232801494e-05	+6.3561235835e-05
+1.6820221602e-05	-2.6566651647e-05	-1.2066500058e-05	+1.6479289817e-05	+4.3613834809e-05	+4.5029824024e-05
-3.8422283958e-05	-4.3171793364e-05	-2.3725468238e-05	-7.5037881164e-05	-2.5375667577e-05	+4.1311902023e-05
+5.8681353301e-05	+6.6628750848e-05	+1.8668353718e-05	-3.6552402879e-05	-8.8153600493e-05	-5.9190783437e-05
+3.0291139399e-05	+5.2156480505e-05	+4.7072893622e-05	-3.5337319750e-05	-5.1831358258e-05	+5.7566176013e-05
+1.0133550698e-04	+8.8222129572e-05	-2.7271564239e-05	-8.2214071085e-05	-4.8534954450e-05	-9.1424385949e-05
-3.2473687709e-05	-1.2160997153e-05	+8.6558349031e-06	+1.0388030206e-04	+5.3500825761e-05	-3.8667291133e-05
-1.0935515045e-04	-1.9146119834e-05	+1.3782401674e-05	-4.3229490390e-05	+5.8498305785e-05	-2.3461335166e-05
-5.0562585375e-05	+1.1754508774e-04	+1.7090687990e-05	-6.4273037596e-05	+6.8372000125e-05	+6.5987413916e-05
+2.7753059862e-05	+7.1346357715e-05	+8.3288867178e-06	-1.2010261873e-04	-6.9114601352e-05	+5.1662996839e-05
-5.6811345799e-06	-5.5746545743e-06	+9.0727615470e-06	-3.1619888275e-05	+3.4831016475e-05	-2.7293463219e-05
-5.2824280702e-05	-3.5398947327e-05	-8.6514861740e-05	+7.5032357821e-05	+1.7434231120e-04	+8.9890166348e-05
+5.2393663296e-06	-9.5829001553e-05	-1.1955182855e-04	-8.3943063764e-05	-6.4387326220e-05	+3.2358181040e-05
+8.0928703063e-05	+2.3626699910e-05	+6.7595444229e-05	+8.4791557929e-05	+2.1626458880e-05	-2.3932016203e-05
-6.0431037041e-05	+1.4899586125e-05	+4.2219121239e-05	-4.5237290436e-05	-5.5528812776e-05	-4.5278168307e-05
-2.8607284734e-05	+6.1566375005e-05	+1.1843136812e-04	-1.2190080617e-05	-1.0398578206e-04	+1.0613818130e-05
-5.0365090918e-06	-5.7266855976e-05	+1.0765247212e-04	+1.0571715322e-04	-8.8851811502e-05	-6.1572059031e-05
-1.3133532075e-05	-3.3651977189e-05	+4.5035474960e-05	+2.5143832811e-05	-6.4832939174e-06	+2.9118476351e-05
-5.7056965197e-05	-7.3490708163e-05	+3.2653925030e-05	+7.1655234163e-06	+1.7490372481e-05	+1.0957651753e-04
+5.3546534647e-05	-1.8226424624e-05	-3.3481994116e-05	+3.2506425368e-06	+3.7085895073e-05	-5.2320710371e-05
-7.1244999716e-05	+1.0218154777e-05	+6.9638856758e-05	+3.9009496429e-05	-3.0242519228e-05	-9.5743685657e-06
-7.0758600731e-05	-9.8327177189e-05	+1.6456926849e-05	+3.4189445767e-05	+2.7950199903e-05	+4.2353134152e-05
+4.5456548130e-06	-1.0301794888e-05	+7.6680719691e-05	+5.1849257874e-05	-7.7985758736e-05	-3.0602430917e-05
-1.7483632844e-05	-5.2393438123e-05	+2.3490814649e-05	+5.5530422477e-05	-2.3216735517e-05	-1.9962707496e-05
+1.9859600439e-05	-2.2367222344e-05	+2.9585754422e-05	-1.1812229161e-05	-3.2699416612e-05	+6.8423816662e-05
-2.0887123132e-05	-5.1627638341e-05	+3.1600792460e-05	+3.9896875760e-06	+8.7829045147e-06	+3.0039341525e-05
-3.4828998612e-05	+2.3591226896e-05	+1.1531374432e-05	-1.4161388468e-04	-2.5424238530e-05	+1.1237269626e-04
+3.4399545681e-05	-6.3660161269e-06	+9.9566833282e-06	-1.1628534962e-05	-3.2599180258e-06	-7.9991847679e-05
-8.6318154586e-05	+8.6907906356e-05	+4.1762314689e-05	+1.8645220565e-05	+1.0048481332e-04	+2.3601744366e-05
-2.8680859593e-05	-3.2312042043e-05	-7.7136565869e-05	-7.1360728412e-05	+1.4182567376e-05	+9.2533670082e-06
-1.7549228787e-05	+4.4522539886e-05	+5.1769055896e-05	+1.4769070783e-05	+2.2140227290e-05	-1.8972548867e-06
-6.5239163953e-05	-4.0006085452e-05	-2.5938879069e-06	+2.6076333967e-05	+9.7382430768e-05	+4.9075273944e-05
-7.6009877934e-05	-7.5190691554e-05	+7.1802567419e-07	-9.1890715651e-07	-1.8689665772e-05	+2.3280040088e-05
+4.7754799086e-05	+2.8692028285e-05	-3.2153548684e-06	-4.2761437067e-05	-5.5837877804e-05	-1.5517880998e-05
+2.8630641893e-05	+5.9061211226e-05	+2.2788541886e-05	-4.1580675343e-05	-3.4365924762e-05	-1.4929518966e-05
-1.0846050607e-05	+1.7368548983e-05	+8.1285838898e-05	+3.9080475824e-05	-6.3201043421e-05	-3.1068130242e-05
+3.1317099038e-05	+1.3998334842e-05	-2.7884835048e-05	+3.9712603816e-06	+7.5584622195e-05	+1.1828927017e-05
-8.8304420438e-05	-5.8559387389e-05	-5.3530971416e-05	+4.9572891005e-06	+1.4276434629e-04	+6.4471854026e-05
-4.3940735524e-05	-1.0974383408e-05	+1.2110535307e-06	+2.7080711163e-05	+3.4452018520e-05	-3.9156335311e-06
-3.8016772902e-05	-7.3582164588e-05	-2.9793032430e-05	+2.1878129083e-05	+4.1893255226e-06	-8.1857816480e-06
-2.3945241571e-05	-4.5462850759e-05	-5.0635256832e-05	+2.3503535639e-05	+1.0579796515e-04	+5.8276159211e-05
+1.2213744944e-06	-6.5824793639e-06	-2.4496575421e-05	-7.0049719756e-05	-6.8187836329e-05	+3.4722173725e-05
+4.4254967369e-05	-7.2951048668e-06	+5.6914891040e-05	+5.8093482518e-05	+2.5567114230e-05	-1.9384066855e-05
-1.0269672040e-04	-1.4221345166e-05	+4.5642741319e-05	+4.0845790676e-05	+2.8966259690e-05	-5.9543312051e-05
-5.1139464969e-05	+4.0762212300e-06	+5.3879844158e-05	+4.1027717953e-05	-1.7997922862e-05	+2.2987744657e-05
+4.7003554249e-05	+2.6855319023e-05	-1.7789348462e-05	-8.5468893087e-05	-5.0559253354e-05	+9.7593172338e-06
+1.0247938926e-05	+5.1994674976e-06	-3.0045625860e-06	+2.3818687338e-05	+3.2972871151e-05	-2.6660121240e-05
-4.6762526271e-05	-2.4010015615e-05	-8.8525557628e-06	-3.0291287025e-06	+2.1002404332e-05	+4.3113922523e-05
-2.6105806536e-05	-6.3876723256e-05	-1.0498004031e-05	-1.6598160943e-05	-9.8692625022e-06	+6.2697418823e-05
+6.3526703465e-05	-7.4418565803e-06	-3.7660291379e-05	+2.7852549615e-06	+3.8414354014e-05	-1.6202779497e-06
-1.6350919710e-06	+4.6698959936e-05	-3.6121033005e-05	-4.8962126576e-05	+4.8808341227e-05	+4.8622619194e-05
+1.7155646271e-05	-2.7207045038e-05	-5.0312531959e-05	-5.1644063707e-05	-1.7572759399e-05	-7.7637995469e-06
-1.7106130479e-05	+8.5527458639e-05	+5.2799372839e-05	-3.3955635088e-05	-2.4200572474e-05	-4.5844483713e-05
+3.8013572881e-05	+6.2141712842e-05	-4.4416509147e-05	-9.7912911434e-06	+3.9317123270e-05	-4.0831535186e-06
-2.1746905960e-05	-3.0789260531e-05	-2.5560085715e-05	+2.4384203484e-05	+2.5384889725e-05	-8.6302362524e-06
+1.8906265220e-05	+2.0467897834e-05	-3.7269764835e-05	-7.3306895587e-05	-3.5933985911e-05	+5.4588728340e-05
+5.4969046938e-05	+3.0853196491e-05	+4.6144277726e-05	-2.1512915113e-05	-3.9988286457e-05	-1.6007603652e-05
-2.1509684577e-05	+4.1549432381e-05	+2.2379247529e-05	-5.2525271221e-05	-5.6060304401e-05	-1.0857977828e-06
+7.4525347184e-05	+6.6660036863e-05	+3.5875858056e-05	-7.1460383326e-06	-5.4774110899e-05	-4.7531891620e-05
-5.2713593788e-05	-2.6365722150e-05	+4.1276717239e-05	+2.3569092184e-05	-6.3123109369e-05	-6.0220671375e-06
+1.0264282304e-04	+3.4465657953e-05	+2.1038971060e-07	+1.4165465890e-05	-3.4533392770e-05	-1.6732636996e-05
+1.4091016770e-05	-2.1201443153e-05	-4.7174955898e-06	+3.1534686255e-05	-2.3221635961e-05	-6.4045925131e-05
-3.5425758501e-05	+3.7319898639e-05	+4.1048359344e-05	+2.2853312833e-05	+7.0228582034e-05	+1.8641083342e-05
-1.1779532450e-05	-1.4905918423e-06	-7.5215419616e-05	-5.7720537393e-05	+2.3699033467e-05	+4.0903121420e-05
+4.5075049199e-05	+7.6322383789e-06	-5.1573003533e-05	-2.1580857265e-05	-9.6588221520e-06	-1.5000286752e-05
+4.0626967135e-05	+3.9618367076e-05	+8.5508251279e-06	-3.5170654330e-05	-5.8455392293e-05	-3.1173312790e-05
-1.6079321977e-05	+3.5563952668e-05	+4.7517022551e-05	+3.6934265729e-05	+2.8395173878e-05	-2.9184048632e-06
+2.2043229434e-06	-3.1005545612e-05	+1.1042827680e-05	+2.2448754382e-05	-5.1012098256e-05	+1.5031077718e-05
+2.4582985015e-05	-3.0834408756e-05	-4.1591376052e-05	-4.9429736686e-05	-2.3769422196e-05	+1.9523657137e-05
+4.3288224008e-05	+2.6985004132e-05	+2.3562532624e-06	-3.4977117061e-05	-4.2407266256e-05	-1.7884644258e-05
+6.1455478148e-05	+9.9947558242e-05	+1.6012062423e-05	+4.4946872620e-06	-1.2623928869e-05	-1.3696073931e-05
-1.9425637619e-05	-8.3507565136e-05	-1.0904451805e-05	+2.9063635106e-05	+5.1975776047e-05	+2.1938257473e-05
-9.1068668375e-05	-8.9107046959e-06	+4.6211628738e-05	+1.8792848746e-05	+7.6187265963e-06	-1.6696071147e-05
+5.8596342288e-06	+1.7226727411e-06	+3.2947778256e-05	+2.7930849777e-05	-5.1559549674e-05	-2.2360363349e-05
+2.0841681684e-05	-2.4294940215e-05	-2.3055276114e-05	+4.3243184566e-05	+4.4798903938e-05	+8.9840665344e-06
-2.7320308348e-05	-4.4192755671e-05	-4.8903393095e-06	+1.6769769604e-05	+1.7089992880e-05	-4.8233442814e-06
+8.3157420190e-07	+1.7589417394e-05	-3.2736468020e-05	-9.6635818075e-06	+1.2964713489e-05	-3.3487822955e-05
-6.5835881107e-06	+1.7895041773e-05	-1.7754143632e-05	-2.4199181090e-06	+5.0211467261e-05	-1.5155326121e-07
-5.3388115287e-05	-2.3127097354e-06	+2.0702446596e-05	+2.1767372818e-05	+4.3112735532e-05	+2.0222458937e-05
-4.5135689795e-05	-1.4839576319e-05	+5.9421950527e-05	-1.9417635819e-05	-7.3719094744e-05	-1.2187497035e-05
+2.1412121248e-05	+2.5392025565e-05	+3.5541548246e-05	+2.4372150902e-05	-2.1966986197e-05	-1.9036352099e-05
-1.9959613764e-05	-4.7324356338e-05	+8.5232236111e-06	+4.8996307328e-05	+1.0181522158e-05	-3.6991000050e-05
-5.2564941884e-05	-2.9125601779e-05	-2.2883675385e-05	+2.2306526932e-05	+6.0878987489e-05	-1.9449928779e-06
+2.4592479669e-06	+3.5766046423e-05	+1.9042485779e-05	-9.5130004384e-06	-5.5766426825e-05	-2.5721154823e-05
+5.8099297496e-06	-1.6378686378e-06	-5.2197084747e-06	-2.7321724488e-06	+1.3540987093e-05	-8.5738178396e-06
+3.8086030351e-06	+4.4202904865e-05	+3.3561195543e-05	-3.6802040071e-06	-7.0424450391e-06	+2.0228392496e-05
+2.3170693356e-05	-1.4885630726e-05	-3.6713896728e-05	+2.7829506485e-05	+6.1958672164e-05	-1.2900392678e-05
-6.1232512944e-05	-2.6719749507e-05	-4.8179218747e-05	-3.5114820824e-05	+4.0546446542e-05	+2.4607306346e-07
-1.2108695107e-05	-1.6780855897e-06	+1.0141553738e-05	+7.8324752846e-05	+4.7843088098e-05	+1.7008860431e-05
+1.0655800981e-05	-5.4173230926e-05	-3.6278665531e-05	+2.7122315594e-05	+2.3451203652e-05	-1.8122247698e-05
-4.7232645800e-05	-2.1494188708e-05	+3.9021204665e-06	+9.0786741661e-06	-2.4314710724e-07	+9.7338372130e-06
+7.4860607559e-05	+1.1924886161e-05	-7.4738885638e-05	-2.5946236956e-05	-1.7685632383e-05	-1.1712524885e-05
+3.7576632597e-06	-1.6662003501e-05	+1.0158144840e-05	+3.6696747614e-05	+1.2594203794e-05	+1.8469567737e-05
+3.5365196922e-05	-1.7860069160e-05	-5.2926361385e-05	-5.9423663849e-05	-1.6797599771e-05	+4.8110196225e-05
+1.9868628619e-05	+5.2104591623e-06	+9.8887043849e-06	+1.5141694281e-05	+3.4265533519e-05	+2.2768998395e-05
+8.8249954603e-06	-2.9800415968e-05	-4.0676397487e-05	-8.4439629104e-07	+1.4123516843e-05	+4.7296653141e-06
-2.3485251368e-05	-3.8553999837e-05	+7.8229704200e-06	+3.7539279763e-05	+2.6845591797e-06	+4.3743625573e-06
+4.0138053556e-05	+1.2910446116e-05	-5.1770565401e-05	-4.4809695236e-05	-8.8336547318e-07	+1.8214788832e-05
+3.2103854322e-05	+1.2735450888e-05	-8.6124365362e-06	-4.3983793734e-05	-3.7328227739e-05	+3.0283436780e-05
+2.2621921715e-05	+1.4263754591e-05	+2.5355214971e-06	-1.2646796431e-05	+3.6720740176e-05	+5.2038603789e-05
-7.3401652272e-06	-7.5279526191e-05	-1.8833098459e-05	+1.6529962804e-05	-5.1327784017e-05	-5.5351955349e-06
+1.7894474960e-05	-3.8282620833e-06	+4.4601243343e-05	+2.3939154237e-05	+3.8381000512e-06	-1.0537242817e-05
-2.9675202827e-05	+3.7106830518e-05	-2.3214162694e-06	-6.1940338589e-05	+1.0639849843e-05	+1.2124021894e-05
+4.7416352647e-06	+5.4427052658e-05	+4.8905551292e-05	+2.8632170496e-06	-5.5233771871e-05	-4.3805475864e-05
+5.5564029509e-06	-3.0868907427e-06	+1.6622692505e-05	+2.1461807004e-05	-4.7610976767e-05	-3.6808733315e-05
+9.0999303797e-06	+3.4815522603e-05	+9.0072023415e-05	+1.8003435029e-05	-8.7241603137e-05	-1.6965953253e-05
+2.8186216553e-05	-3.3131366361e-05	-1.9790362294e-05	+9.2567712720e-06	+2.3751650679e-05	+6.1499739244e-05
+6.5093947475e-06	-4.0178638430e-05	-2.2050744550e-05	-4.2000326821e-05	-2.6440212151e-05	+3.0047637137e-05
+5.4963538077e-05	+4.7378312463e-05	-1.4352780349e-05	-5.1166592857e-05	-1.4759476506e-05	+7.4116453148e-06
+2.0033217768e-05	-6.3166274857e-06	-3.2326139095e-05	+2.2057394950e-05	+2.4986099027e-05	-2.2179876656e-05
-3.1885517960e-05	-3.3568973776e-05	+1.4755748278e-05	+4.6252950678e-05	+1.0252215055e-05	-6.8279056626e-06
-3.7803325800e-05	+4.2049412760e-06	+6.8752914925e-05	+1.3000197679e-05	-2.1806774342e-05	-4.7946704602e-05
-5.2255210504e-05	+2.0185217777e-05	+4.6379454383e-05	+2.2645137660e-05	+2.2953866272e-05	+2.7938722716e-05
-1.2724170043e-05	-1.4428622011e-05	-1.8017055229e-06	-4.9655769125e-05	-4.2419160357e-05	+1.8040518272e-06
+1.0068926157e-05	-3.8159545497e-07	+1.1546827246e-05	+5.8265480898e-05	+5.3464741055e-05	+8.0240896476e-06
-3.4351265024e-05	-5.6823087562e-05	+1.0175762199e-06	+1.6650091915e-05	-5.4780455452e-05	-1.9645699535e-05
+3.3423250780e-05	+1.9081686080e-05	+4.8636855161e-05	+2.0505919597e-05	-2.9064786891e-05	-5.5371837715e-05
-5.8493438499e-05	+3.6754825537e-05	+3.4405503207e-05	-9.2175322660e-06	+1.9035399161e-05	-4.4248963715e-07
+5.8128450561e-06	+1.9703441892e-05	-1.8947683739e-05	-3.3581926664e-05	-8.2462751487e-07	+2.4075458872e-06
-1.3611219290e-05	+3.2978098946e-05	+4.6596817437e-05	-1.4617809521e-05	-5.4323997816e-05	-7.7709677123e-06
+6.9089816624e-05	+5.2959395855e-05	+6.9359447955e-06	-4.8690815911e-06	-3.5677061032e-05	-3.7747889586e-05
-1.5743880732e-05	-6.5345187038e-05	-5.5819670602e-05	+4.2535886273e-05	+4.5598339052e-05	+3.0063226362e-05
+8.4443669881e-06	-5.5131369493e-05	-1.4219252549e-05	+5.2709089029e-05	+4.9263626931e-05	+7.6123963381e-06
-2.8879690697e-05	+2.0528798435e-07	+2.8026074115e-05	+3.5516625351e-05	+1.5470773978e-05	-4.8798262633e-05
-5.5543205714e-05	-2.5047543986e-05	+1.6707864336e-06	+3.6705325584e-05	+3.1011602119e-05	+5.0109513905e-06
-2.2659620641e-05	-3.7657659286e-05	-8.8740495819e-06	-1.6420052322e-06	-1.2914622911e-05	+3.0294111031e-06
+2.0592197118e-05	+5.8866013098e-06	-2.2011143067e-06	+3.3145410121e-05	-9.1107694545e-07	-4.2276656076e-05
-2.7476193641e-06	-4.4261976543e-06	-8.5521640738e-06	+1.0539869805e-05	+6.9581322459e-06	+3.1891014476e-05
+2.7633956207e-05	-4.1676707306e-05	-3.2441587238e-05	+2.4465091622e-05	+1.5415042669e-05	+2.4641498712e-05
+2.8306711926e-05	-1.8834645049e-05	-2.3527579289e-05	-1.1907125094e-05	-2.8231187574e-05	-1.3202503735e-05
+1.4963518805e-05	+1.4761769470e-05	+1.3762732219e-06	-1.4592625089e-05	+3.1466094388e-07	+1.9756486444e-05
+3.8403759316e-06	-2.5730344652e-05	-3.8983867076e-05	+6.2013880634e-06	+3.8251375838e-05	+9.9579104993e-06
+1.2785124153e-05	+2.8483547914e-05	+1.6639704245e-05	+1.9633685427e-05	+2.3232841964e-05	-1.6621881146e-05
-4.3434049485e-05	-5.9369539916e-06	-8.7636476741e-06	-3.3658772920e-05	-1.1088068478e-06	-1.5032833552e-05
-1.8814207267e-05	+5.8161748602e-06	-1.0016260272e-06	+7.1916012897e-05	+7.3708067533e-05	-9.1476103855e-06
-1.6315547501e-05	-5.8792787784e-05	-7.8057047796e-05	-3.1160577250e-05	+4.7068090606e-06	+1.7478937543e-05
+1.9476716377e-05	+4.9260394480e-05	+2.5742062315e-05	-1.4391745831e-05	+9.6684979862e-06	+1.6883687671e-05
-1.9177642340e-05	-5.9543136065e-05	-4.2315071549e-05	-8.6828957750e-07	+1.2955173809e-06	+1.1452348170e-05
+5.7861668454e-05	+6.3680027073e-05	-1.4141808112e-05	-5.2916618592e-05	-3.7081480674e-05	-4.2752717126e-06
+4.8480179111e-05	+3.4711043709e-05	+8.0661026429e-06	+2.0022080107e-05	-5.8536931040e-06	-3.1553735497e-05
+2.4196796430e-06	+2.2788672702e-05	+7.5717655348e-07	-1.5124415631e-05	+7.0038288109e-07	-6.8550547384e-06
-5.6472422502e-05	-2.8952344978e-05	+1.4427671267e-05	+1.9414867672e-05	+2.2630380716e-05	-1.3567455049e-06
+1.1107006446e-05	+7.0805874856e-06	-1.0868645471e-05	+1.4559563640e-05	+2.6434228697e-05	+1.3120966950e-05
-2.4688488970e-05	-3.1925919817e-06	+1.9042644554e-05	-1.7006963328e-05	-9.3082969415e-06	-2.2252250795e-05
-1.4621003242e-05	+5.3600373414e-05	+9.1397580456e-06	-2.9438227576e-05	+2.1695565935e-05	-4.0903969799e-06
-3.8277309993e-05	-2.9749670293e-05	+3.7691383892e-06	+2.5296070873e-05	-3.0326016090e-07	+2.7026779062e-05
+4.6849551352e-05	+1.8430198119e-05	-8.0858493304e-06	-3.1690885883e-05	-2.4621536878e-05	-2.8169462586e-05
-2.4648774737e-05	+4.3448017404e-05	+6.9420624587e-05	+1.8457809629e-05	-2.3945403062e-05	-4.4465410938e-05
-1.8292979854e-05	-1.1576692590e-05	-2.0210845177e-05	+3.9774144596e-05	+2.6460422444e-05	-1.9068177756e-05
-2.5311203614e-06	-2.4646557693e-05	-2.5119674193e-05	-5.3164084880e-06	-9.0889283167e-06	+2.2893308553e-05
+3.1719886474e-05	+1.1165122685e-05	+1.1673943215e-05	-7.7273509622e-06	-3.1234910185e-05	-3.1913269764e-06
+1.1679441585e-05	-1.0666889997e-05	-3.1644947482e-06	+2.5357754095e-05	+1.8649033943e-05	-2.7326985398e-05
-2.0270504073e-05	+7.7316271191e-06	-5.6089487241e-06	+1.0058022848e-06	+1.0976984600e-05	+7.8239932550e-06
+7.2745746704e-06	+5.6937215310e-06	-2.9484802596e-06	-1.4042518934e-05	-1.1757627815e-05	-3.6689527901e-06
+1.4380522842e-05	+8.9021435210e-06	-5.3940166112e-07	+1.4253798983e-05	+2.2535187827e-05	+1.7411567834e-05
-2.7289110253e-05	-3.9902255007e-05	+4.2951642767e-06	+3.8662830788e-05	+2.2102195249e-05	-3.2082549755e-05
-2.0653668996e-05	+3.5413329039e-07	-1.3850080290e-05	-4.6182870280e-06	+1.7827293453e-05	+2.0640485143e-05
-1.7647243724e-05	-2.4061105127e-05	-1.0289261629e-05	-4.6330507442e-06	+2.1220030349e-06	-3.1790297227e-06
+1.6705738049e-05	+7.1799212054e-06	+1.4157715535e-05	+3.6404301978e-05	+7.3485168667e-06	-3.1847512849e-06
-3.0605604832e-05	-4.3922375680e-05	-1.0746532061e-05	+1.0306755833e-05	+3.3573191257e-05	+1.4915671933e-05
-2.1730592761e-05	-2.0041161369e-06	+1.8787712114e-05	-5.2760261866e-06	-4.2052721676e-05	-3.5773832762e-05
-7.0418314461e-06	+2.1569375156e-05	+2.8605880451e-05	+3.3885704300e-07	+5.7447331796e-06	+9.8418123271e-06
+1.3835055949e-05	+3.4996836795e-05	+5.2565531983e-07	-3.2393192764e-05	-2.6797067686e-05	+1.2639440975e-05
+4.4994335077e-05	+5.0728022001e-06	-1.2678703627e-05	-1.5689833627e-05	-3.0164488214e-05	-7.9106660429e-06
-8.5181881858e-06	-9.9985984824e-06	-3.8104001063e-06	-1.6128587949e-05	+1.7438204177e-06	+2.2954131808e-05
+1.8068764501e-05	+2.0005270651e-05	+2.2411564291e-06	-1.9498754591e-05	+1.2718352746e-05	+1.5413441666e-05
-2.9539069198e-06	+4.1221324014e-06	-1.6825651976e-05	-1.7698621035e-05	-1.3793824198e-05	-8.0412354989e-06
+2.7260619163e-05	+2.7603404195e-05	+1.4357166104e-05	-5.3441740302e-06	-1.3141962283e-05	+5.7276977308e-06
-6.3373851581e-06	+1.0383973973e-07	+1.4574606775e-05	-4.5978098197e-06	-1.0261082660e-05	-9.9489257996e-06
-4.9566283678e-06	-1.4321418673e-06	+9.1211140078e-06	+1.3596790645e-05	-1.5531840482e-05	-3.2081671913e-05
-1.5189090764e-05	+4.3368339850e-06	+1.0105387524e-05	+3.6749390856e-05	+1.4768238227e-05	-2.1165431096e-05
+4.0995405397e-06	+1.9585786577e-05	+3.1096698699e-05	-3.0987861083e-06	-2.4806913193e-05	-1.5753345150e-05
-4.4366525296e-05	-2.2630874303e-06	+6.6587880060e-05	+4.2148630844e-05	-4.5468019646e-06	-1.3941308063e-05
-4.5225153059e-05	-4.3016723194e-05	-3.3754826482e-06	+6.9048048089e-06	+3.4487072738e-05	+3.7345306589e-05
+1.9434219107e-05	+4.4272685840e-06	-5.2339012050e-06	-8.7650187357e-06	-2.6637532739e-05	-2.1551789970e-06
+8.7537061236e-06	-8.4875459461e-06	+3.9154036557e-06	-3.9821924062e-06	-2.4169336517e-05	-4.4368573618e-06
+1.8267341827e-05	+1.5841008911e-05	+1.2033398858e-05	-2.7699705872e-05	-2.6673404674e-05	-2.1648275005e-06
-2.5999469705e-05	+1.6046584023e-05	+2.1820047296e-05	+4.1245107935e-06	+3.3386940227e-05	+1.0888988052e-05
+2.1826674644e-05	+7.8965107920e-06	-4.4401687278e-05	-1.9957575218e-05	+2.7795431729e-06	+1.3949954640e-05
+2.7900924591e-05	+1.2282280646e-05	-3.9176100382e-05	-5.1600915624e-05	-6.1928050871e-06	-1.0447848380e-05
+4.4978407480e-06	+3.3134440627e-05	-1.0175224166e-07	+4.0238196543e-06	-3.1377717326e-06	-2.8967870665e-05
+1.3018421579e-05	+1.3741358013e-05	+3.2573594317e-06	+1.4841670780e-05	-1.7487667481e-05	-1.8274903282e-05
-1.5975498161e-05	-3.5924415110e-06	+2.7773883914e-05	+1.2145431730e-05	+1.0647037893e-05	+1.5047338376e-05
+1.6811502771e-06	-1.5428404179e-05	-7.2714347305e-06	+1.6128018324e-05	-1.5104353307e-05	-2.1975340857e-05
+7.1365774882e-06	+1.3737316824e-05	+1.5229563096e-05	+2.6801728858e-06	-2.8843279269e-06	-1.9761586790e-05
-3.9833721846e-05	-1.9921112612e-05	+1.0067621935e-05	+2.4146311452e-05	+2.7358942649e-05	+2.5806889464e-05
+9.9858988785e-06	-1.3254402335e-05	-2.3491485530e-05	+5.3346380977e-06	+5.2501554717e-06	-4.1194396274e-05
-1.4902864272e-05	+1.6567926814e-05	+9.4330247779e-06	+3.6086819775e-05	+2.3692219188e-05	-2.1222469066e-05
-3.0634685229e-05	-1.6505715334e-05	+4.5505331797e-06	-1.3894142027e-05	-5.8880567787e-06	+4.8232749304e-05
+4.1655161723e-05	+4.2468086529e-06	-7.5287250861e-06	-3.1062225171e-06	-1.3575302279e-05	-1.1758974203e-05
-8.0060165165e-07	-1.5483030556e-05	-2.7039133446e-06	+7.6614412858e-06	+1.0317089410e-05	+1.7946787924e-05
+5.1642788275e-06	-7.4952928039e-06	-3.5356900528e-05	-4.4286542794e-06	+3.8650559088e-05	+7.4483247279e-06
+6.6602708707e-06	+7.3400841090e-06	-1.0963176634e-05	-1.6228838944e-05	-3.4892491001e-06	+2.5323903877e-05
-6.4007061048e-06	-3.6214404122e-05	-4.6724118264e-06	-5.3317350096e-08	+1.8149641003e-06	+2.5480221434e-05
+3.2155226626e-05	+2.5011183392e-05	-1.0991011115e-05	-2.8114915545e-05	-2.0760501397e-05	-1.9472049422e-05
-1.5794550256e-05	-1.1351284393e-05	+2.7397040716e-05	+3.5873495006e-05	-1.1267012708e-05	-1.3640518502e-05
+1.1109371955e-05	+6.8745345826e-06	-5.6554573197e-06	-4.7440138465e-06	+9.4616114997e-06	+2.8186560048e-06
-1.5023541502e-05	+5.9967433056e-07	+1.5563309418e-06	-1.6054521970e-05	+7.9758157101e-06	+2.2672370371e-05
-1.3215560375e-06	-1.4529316374e-05	-8.0233064076e-06	+4.0308391547e-06	-6.3691261459e-06	-1.3014462756e-05
+2.4546941238e-06	-2.8798610607e-07	-6.6777289503e-07	-6.8923122249e-06	-2.4227135528e-05	-2.9794786947e-06
+1.8606212156e-05	+1.7825626033e-05	+2.1637329069e-05	-5.6210169261e-07	-1.9775321741e-05	+4.8129640251e-06
+2.4173043122e-05	+1.5924756400e-05	-1.1108955483e-05	-2.5333669284e-05	-7.6724817380e-06	-3.9309250659e-06
-2.4465365247e-05	-2.3389561119e-05	+2.3912450163e-05	+5.7870162452e-05	+2.1037511452e-05	-3.1261361787e-05
-5.0642118999e-05	-2.7011641086e-05	+1.5204314684e-05	+4.3084269057e-06	-2.4033305039e-05	+7.6697332046e-06
+4.1875807470e-05	+2.9621238745e-05	+1.9097545001e-05	+3.5856767794e-06	-3.0758760808e-05	-3.0344763009e-05
-1.1249827470e-05	-9.9494826790e-06	+1.1990542891e-05	+4.0052237802e-05	+2.7950769824e-05	+1.5512124555e-06
-1.7480098891e-05	-3.5038467981e-05	-1.0832911039e-05	+2.0763478949e-05	-5.5514258832e-06	-8.3909252801e-06
+7.2099168414e-06	-6.7705849342e-06	+1.0982019292e-05	+3.4848460263e-05	+1.0682636298e-05	-8.0909053575e-06
-1.3209321897e-05	-2.9487659390e-05	-1.9747644689e-05	-1.3969389887e-05	+1.2604921034e-05	+3.6461323988e-05
+4.1822072357e-06	+9.0325305716e-06	+3.6275087865e-06	-1.1569670129e-05	+1.8652182047e-05	+1.4191506706e-05
-1.2221522018e-05	-2.3800859755e-05	-1.9396589155e-05	+2.5451346559e-06	+1.4439405886e-05	+1.4311747686e-05
+1.8110541234e-06	-5.5003346521e-06	-1.7228923484e-06	-1.5480545329e-05	+6.3460561558e-06	+2.9873768041e-05
-9.9744285318e-06	-1.8487493314e-05	-4.3137233448e-06	-5.4629604610e-06	+1.1107215342e-05	+2.2581752543e-05
+1.3079470655e-05	-1.6132118617e-05	-2.1281603167e-05	+1.4418641706e-06	+3.6671977535e-06	+2.4478563877e-06
+1.3616968365e-05	+1.2127681466e-05	+1.1999232309e-05	-1.6384141290e-06	-3.6480467386e-05	-8.6983647446e-06
+2.8383842223e-05	+2.8736359616e-05	+2.4634144885e-05	-1.8382467183e-05	-4.1217822922e-05	-2.0812605418e-05
-7.9595402324e-06	-6.5572183416e-06	-1.3801655565e-05	+1.7060724957e-05	+5.2672028692e-05	+2.8040620870e-05
-9.5417042032e-06	-3.2915927284e-05	-4.0158252555e-05	-2.3880997461e-05	-2.4333482177e-06	+7.3315502109e-06
+2.5027686578e-05	+3.4974241458e-05	+7.1850488445e-07	-1.5719092945e-05	-1.6675970244e-06	+1.1971332709e-06
+1.7696707003e-05	+1.7711270226e-05	-1.0502502679e-05	-1.7289641889e-05	-1.8261887898e-05	+9.5681599615e-07
+1.3951884297e-05	-1.6701967645e-05	-1.3619461574e-05	+4.6240789084e-06	+5.7506623301e-06	-8.2701642925e-06
-3.0007713813e-05	-1.4799549342e-05	-4.7704248876e-06	+1.2214586946e-05	+3.7516416161e-05	+2.0020850393e-05
-4.7009014337e-06	-2.7124147657e-05	-2.3279963723e-05	+1.0366253805e-05	+2.4383745788e-05	+2.3487861995e-05
+1.1422857134e-05	-5.2360846621e-06	-2.3499625608e-06	+8.1803111571e-06	+4.0624738048e-06	-1.3164974924e-06
-4.6517284048e-06	-1.5504111905e-05	-9.0648721485e-06	+1.2099899748e-05	+2.1559086710e-05	+1.9836648633e-06
-1.6260962162e-05	-1.7061720357e-06	-1.1589650884e-05	-2.5673493995e-05	-9.2270386756e-07	+2.0828409482e-05
+4.0922341475e-05	+4.1143935633e-05	+5.5800235060e-06	-1.6931304831e-05	-2.6177507150e-05	-2.0139613056e-05
+8.0344299969e-07	-1.2691473161e-05	-2.7580816708e-05	-8.9354565269e-06	+1.8736760855e-05	+1.6341930276e-05
-1.0383315318e-05	-4.8471978863e-06	-3.8734229043e-06	-7.8383214712e-06	+1.6773447933e-05	+3.3023016281e-05
+1.4777328880e-05	-2.2349385824e-05	-2.3347247770e-05	-2.0837241346e-05	-2.6890892641e-05	+9.9627926040e-06
+1.9739426567e-05	+6.4489013163e-06	+2.0176914746e-05	+6.6144331872e-06	-8.0610632374e-06	-3.0023429224e-06
-8.7986256402e-06	-9.4791134793e-06	-7.2011038232e-06	+4.2167522053e-06	+1.6237688289e-05	-1.1264698275e-05
-2.2382893234e-05	+1.0815192908e-05	+1.0466172777e-05	+1.6561599495e-06	+1.2788429429e-06	-5.7471002617e-06
+1.4034720739e-05	+2.6085055963e-05	+5.7273087141e-06	-2.0765876091e-05	-2.4518734572e-05	-1.2624738359e-05
+1.1090152564e-06	+3.7067076694e-06	-2.4960578158e-07	+1.2962196734e-05	+1.0661278086e-05	-5.8643992395e-06
+1.3644687381e-06	+1.1962295461e-05	-5.9350055653e-06	-1.3546437955e-05	+3.4193621765e-06	+9.2612661854e-06
+1.0533417969e-06	-1.0689763434e-05	-1.2129173883e-05	-4.8170133426e-06	+7.0941214848e-06	+1.0170089062e-05
+5.8884349146e-06	+7.1840587965e-06	+5.4194796158e-06	+6.5188264064e-06	+3.3912130077e-09	-2.1475429839e-05
-1.8602576715e-05	+4.6605350697e-06	+6.1775350734e-06	+3.8754419983e-06	+1.7613299395e-05	+1.8014932171e-05
-5.5535117061e-06	-1.0789690882e-05	+1.2160703839e-05	+2.5020325674e-05	+1.0819401343e-05	-2.2970427539e-05
-3.5640601609e-05	-2.1342609016e-05	-4.3432473566e-06	+2.2465951447e-05	+2.9513192149e-05	+2.0794692421e-05
+2.1445191903e-05	+6.6492692484e-08	-3.2849639026e-05	-3.9976884622e-05	-1.7013421468e-05	+4.9417217488e-06
+1.7959853687e-05	+1.7811187053e-05	-2.3131213804e-06	-8.4292294783e-06	-1.4125185654e-05	-7.0843419465e-06
+1.4925746891e-05	+7.9915731409e-06	-2.5106441011e-06	-5.7205112715e-06	-1.5937199100e-05	-1.3340512550e-05
+1.5391831482e-05	+2.4195278522e-05	+1.3060143205e-05	+2.1767811217e-05	+9.2288452860e-06	-9.0892721938e-06
-3.2090147766e-07	-5.9477362052e-07	+5.8495304573e-07	+6.1326911958e-06	-7.7630476574e-06	-2.0245616499e-05
-1.2689422372e-05	-6.2581624606e-06	-9.3182366219e-07	+1.1190223629e-05	+1.0762170574e-05	+3.1742612441e-06
-3.2012837068e-06	+5.5012910516e-06	+8.2876471464e-06	-1.3378877372e-05	-7.5471704545e-06	+7.1760258146e-06
+3.3461312648e-06	+1.1331034309e-06	-6.6100776466e-06	-1.8325114854e-05	-1.4876261823e-05	-2.5306659828e-06
-5.1095353720e-06	-1.8819797500e-06	+1.9906931735e-05	+2.2227665729e-05	-1.2086756942e-05	-3.9585361641e-05
-1.9117770991e-05	+8.0426911287e-06	+1.7590898985e-05	+2.5561248714e-05	+1.4248953761e-05	-9.5811721717e-06
-7.2740762593e-06	+1.4798289169e-05	+4.8751825367e-06	-1.1554368900e-05	-1.1182495176e-07	-1.0863115260e-05
-3.1039803141e-05	-2.4363765042e-05	+1.0608793462e-06	+2.6516608548e-05	+3.5016179538e-05	+3.8792252573e-05
+2.9978454607e-05	+1.7228284605e-05	-8.2059729713e-06	-3.7746111045e-05	-3.2878601537e-05	-2.7130785827e-05
-1.1876048119e-05	+9.3046380687e-06	+8.8621123710e-06	-4.8867436456e-07	-6.3973332582e-06	+1.7508428792e-06
+9.2867664330e-06	+1.5032058782e-05	+1.3766725757e-05	+1.3278424831e-06	-9.2409781819e-06	-1.0057478828e-05
-8.3971700943e-07	+1.0768329562e-05	+1.4108108447e-05	+1.6031335621e-06	-1.5011196869e-05	-1.3787792731e-05
+6.5890535866e-06	+8.3755579376e-06	+3.8783683603e-06	+3.4045212058e-06	-1.8754213815e-05	-1.9452095274e-05
-1.4594620073e-06	+8.8873205043e-06	+4.4217421943e-06	-7.4060105134e-06	+1.1001177999e-05	+1.4438221551e-05
-7.3044813333e-06	-6.9142520397e-06	-1.3729880621e-06	+1.0273456204e-05	+1.6052381146e-05	-1.3383089612e-05
-1.9538709440e-05	+4.3556401298e-06	-6.3241123461e-06	-2.0949036373e-05	-5.4370415339e-06	+1.1577712917e-05
+1.5834529703e-05	+4.9688286908e-06	-7.2716410224e-06	+1.6308702732e-06	+3.5706056930e-06	-8.8726918518e-06
+7.5873451392e-06	+2.5223396916e-05	+1.3189277276e-05	-7.1475872795e-08	-1.7757123839e-05	-2.8163522520e-05
-6.6377738611e-06	+6.7132404385e-06	+1.4190054522e-05	+2.1223182248e-05	+1.6987495741e-06	+2.8610755248e-06
+1.4609518771e-05	+1.0201410159e-05	-1.0703418472e-05	-3.8170378371e-05	-2.1977074922e-05	-7.2160845786e-08
-4.1663134470e-06	-3.7442197382e-06	+1.4059135441e-05	+1.6901137033e-05	+1.7678594283e-06	+8.4482367999e-06
+3.5364461263e-06	-1.3885385995e-05	-6.6842588614e-06	-4.0780703724e-06	-1.2532999692e-05	-1.1565997177e-06
+1.2917409218e-05	+1.1558872635e-05	+1.3668365592e-05	+2.4132444851e-05	+2.1347251645e-05	-1.3121045848e-05
-3.1640248381e-05	-2.9153050583e-06	+9.0702021247e-06	+1.1433859320e-05	+1.8980709950e-05	-9.7114792585e-06
-8.6839865879e-06	+1.2896656317e-05	-9.7752968740e-06	-1.1619538062e-05	+1.1415829450e-05	+4.8632628613e-06
-1.4863510809e-05	-1.9871697162e-05	-2.0834445587e-05	-1.7935002154e-05	+7.2808408697e-06	+1.9612894617e-05
+4.1410317781e-06	-4.7290899251e-06	-8.3224638434e-06	+5.1579794856e-06	+1.7165490624e-05	-1.7363851977e-06
-9.3432551819e-06	-3.6513821370e-06	-3.4330073417e-06	-4.4123646032e-06	+1.9701671357e-06	+1.4393290341e-05
+1.2093632284e-05	-5.1087751186e-07	-1.8374998167e-05	-1.7159065010e-05	+1.2703966184e-05	+1.6634174211e-05
+1.0009414698e-07	+6.0948996434e-06	-7.1612827201e-07	-2.5214090838e-05	-4.3453903965e-06	+2.4447777959e-05
+4.2694282506e-06	-1.4667298144e-05	-1.5876627681e-05	-9.8063987706e-06	+2.1357115655e-05	+2.4575871868e-05
-5.1278296365e-06	-1.5136997156e-06	+3.5388778574e-06	-2.6774341311e-06	-4.0877613146e-06	-1.5640882058e-05
-8.2134469034e-06	+3.7698757930e-06	+5.1403472435e-07	-2.1108770929e-06	-4.0072987376e-06	+6.6828165202e-06
+9.3852424069e-06	+1.3248528769e-05	+2.5152555007e-05	+6.2890515110e-06	-1.4932766949e-05	-1.5775786791e-05
-2.7672332593e-06	+1.5231281237e-05	+1.8688063553e-05	+1.1533545860e-05	-6.5077376006e-06	-2.1267143175e-05
-4.8010951567e-06	+5.5955761481e-06	-1.6026121627e-05	-5.0574698184e-06	+1.7606027610e-05	+8.0991537703e-06
+1.0613955834e-05	+3.2178043335e-06	-1.3366220320e-05	-1.0538635072e-05	+6.1532528440e-07	+1.6104670572e-05
+3.1327431513e-06	-2.2768815566e-05	-2.1586848118e-05	-1.2167878619e-06	+1.2137357584e-05	+1.2385507240e-06
-3.7336779619e-06	+7.0524464872e-06	+1.6913286426e-06	-7.4731702077e-06	-9.0318234367e-06	-1.2629122431e-05
-1.1261384660e-06	+7.5966833778e-06	+4.3862873958e-06	+1.3851368162e-05	+1.2812405512e-05	-3.6364954026e-06
-3.6289277797e-06	+2.6422465149e-07	-7.3277746184e-06	-4.9776131719e-06	-6.6039682387e-07	-1.0307700295e-05
-1.1807761250e-05	+5.8742985670e-06	+2.5019218872e-05	+2.1210663333e-05	+3.2477342292e-06	-7.6841153940e-06
-1.5365341571e-05	-1.1873713910e-05	-6.0203251518e-06	-8.3114195552e-06	+9.9027948221e-07	+4.3901879782e-06
-3.9424435602e-06	-5.3201300615e-08	+6.6095841561e-06	+4.6106545588e-06	-5.1313821397e-06	+1.5295129264e-06
+2.3794961334e-05	+1.0927981450e-05	-2.2971171131e-05	-2.2915842900e-05	-1.8460909860e-06	+1.3455810264e-05
+2.8598299009e-05	+1.9614005229e-05	-2.0341526609e-05	-3.3560660096e-05	-1.1153526235e-05	+1.8246992332e-06
+6.5129964201e-07	+1.9925234892e-06	+3.2919190438e-06	-1.4169005138e-06	-1.6553906969e-06	+6.8646034384e-06
+1.2502213409e-05	+1.0733628185e-06	-3.9248704500e-06	+3.7951766975e-06	-4.9407765567e-06	-5.4142933434e-06
+6.2279166564e-06	+1.6686115190e-06	-6.2924096581e-06	-6.7931906739e-06	-9.2450427146e-06	-3.6874311569e-07
+1.0257138741e-05	+6.4593415037e-06	+6.4182377302e-06	+7.5107008223e-06	+4.3439085206e-06	-5.7790712952e-06
-6.7409231257e-06	+9.7195954685e-06	+9.4306606171e-06	-4.9909837932e-06	-9.7431358420e-06	-7.1325082991e-06
+2.7048631092e-06	+1.1533221138e-05	+1.0554886506e-05	+1.0276881508e-05	+4.3101023013e-06	-1.6207106473e-05
-2.0324334933e-05	-7.0164258962e-06	-4.4933654253e-06	+2.9707801445e-07	+1.1308655506e-05	+1.7439777862e-05
+2.4211410459e-05	+1.4431958847e-05	-5.4468908168e-06	-7.7176005932e-06	-1.3647624507e-05	-1.6256077640e-05
-4.0447854787e-06	+4.4057169377e-06	+1.8935714428e-05	+1.2881370630e-05	-1.5601104051e-05	-2.6428037210e-05
-1.9186895267e-05	+1.9884306176e-06	+1.3242299510e-05	+1.6093152284e-05	+1.3983157299e-05	+5.8761371948e-06
+1.1861857829e-05	-4.1088683907e-06	-1.9820615717e-05	-7.2449063620e-06	-4.9588887239e-06	+2.3695827939e-06
+4.9209795971e-07	-1.3784439403e-05	-8.4779813429e-06	+1.6990047256e-06	+1.0423920884e-05	+6.0481007212e-06
-4.5538703276e-06	-7.1425470335e-06	-2.7037934813e-06	+1.2022237152e-05	+1.5515539284e-05	+1.5119804022e-05
+1.3970121716e-05	+7.1219491598e-06	+8.8176552072e-06	-6.1856307974e-06	-1.9348200635e-05	-1.1358064588e-05
-1.4325673319e-05	-9.5516861032e-06	-1.7035813417e-06	-9.0808756148e-06	-3.2391812150e-06	+7.1088792937e-06
+1.1709357715e-05	+1.8727934218e-05	+1.0738236658e-05	-3.3933997615e-06	-7.5307168113e-06	-1.1248103625e-05
-1.5705455040e-05	-1.5902381970e-05	-1.4998699823e-06	+2.2223306271e-05	+2.6242008608e-05	+9.5297430072e-06
+3.1523376552e-06	-1.1371509758e-05	-3.4676549732e-05	-2.4583797362e-05	-4.3132414671e-06	+1.1805083728e-05
+2.2707061343e-05	+1.1834137900e-05	-1.4794397839e-06	+3.0260542568e-06	+9.3955424072e-06	-5.2141154664e-06
-1.3993619133e-05	-1.8813359086e-06	+5.4747000652e-06	+5.5223179698e-06	-3.2293105318e-06	-8.6168884720e-06
+4.3845997261e-06	-1.2643076438e-06	-1.4692908742e-05	+5.0540103370e-06	+1.1775119603e-05	-3.5287774852e-06
-3.4107964683e-06	-1.0216693645e-05	-1.4245966002e-05	-2.9671700579e-06	-3.3136249368e-06	+7.1887210218e-06
+1.5670905142e-05	-2.3316902496e-06	-4.4629985909e-06	+6.2137911052e-07	-3.5244769974e-07	-6.4553264179e-09
-6.2485915156e-06	+6.3261269226e-06	+1.3953005629e-05	-1.9935880850e-06	-9.4874422549e-06	+2.0374504483e-06
+1.7746440560e-05	-5.9202875831e-06	-2.3688462944e-05	-6.5867710216e-06	-1.2268682372e-05	-1.1118688416e-05
+2.4040811744e-06	+9.5644791861e-06	+1.1853731374e-05	+6.1728717259e-06	+6.4277927862e-06	-5.2598088722e-06
+4.2725314689e-06	+2.2345987275e-05	+1.9093986872e-05	+2.1742283524e-05	+3.4020920519e-07	-1.2338269700e-05
-6.8121961351e-06	-1.2976361125e-05	-1.1054238713e-05	-2.1835979341e-05	-1.9138314696e-05	+2.6929510396e-06
+9.1546356821e-06	+1.9997715800e-05	+1.6152493443e-05	-2.3319872290e-07	-4.9258952554e-06	-1.2266797511e-05
-9.4853005062e-06	+2.3102060728e-06	+5.7397842059e-06	+2.1648030543e-06	-2.5416515291e-06	-3.4374365326e-06
-5.0214132837e-06	-1.6371822327e-06	+4.4569680148e-06	-6.5386356537e-07	-7.8239297847e-06	-9.7371900782e-06
-2.2758465286e-06	+1.4324818914e-05	+1.8579610096e-05	+1.7903668997e-05	+1.1053668356e-05	-7.6822668776e-06
-8.1118311158e-06	-1.2012553088e-05	-2.6166892063e-05	-1.4067789616e-05	+6.6135601940e-06	+1.8991579795e-05
+2.3789585281e-05	+1.3172911163e-05	-6.7548529346e-06	-1.6689006496e-05	-5.3724735694e-06	+4.4472902156e-06
-3.6674604090e-07	+1.8096133976e-06	+1.4587705649e-05	+1.3505227446e-05	-1.1983023536e-06	-4.0284781182e-06
-4.9477366369e-06	-5.7515051360e-06	+5.5916335380e-06	+5.1122819469e-06	-4.7991080996e-06	-1.8673252766e-06
+4.9498289935e-06	+1.9604337486e-06	+4.2248480224e-06	+8.5318612342e-06	-4.5245261229e-06	-7.7448486325e-06
-2.6272773557e-06	-5.0500410928e-06	+6.4213162953e-06	+1.0242731769e-05	-5.5246846347e-06	-1.1002796082e-05
-6.5587503427e-06	-2.7534795294e-06	+3.3428854751e-06	+1.8863321807e-05	+1.9117821595e-05	-2.0188617410e-06
-9.3319037434e-06	-9.1063129456e-06	-1.0953674099e-05	-5.6598016926e-06	+2.6222481276e-06	+1.1980880186e-06
-6.0621471753e-06	-1.6456087493e-06	+1.6980983218e-06	-4.0663197402e-06	-3.8233628897e-06	-1.7483662247e-06
-2.0536707765e-06	+1.6733602826e-06	+1.4773000289e-05	+1.5070729211e-05	-8.1419374761e-07	-1.0875390701e-05
-1.8193090622e-05	-1.0773215704e-05	+2.4590663379e-06	+5.4728726953e-06	+1.7573336612e-06	+2.3559304284e-06
+1.1062610418e-05	+1.4468380388e-05	+1.6698925795e-05	+7.1732939618e-06	-6.3630202188e-06	-9.2990624301e-06
-6.1976102230e-06	+4.5022192829e-06	+3.9781543995e-06	-8.5691321919e-06	-1.5151606767e-05	-8.9018139688e-06
+7.4342492738e-07	-1.2510504567e-06	-3.2393225160e-06	+2.3177027408e-06	+1.0336491092e-05	+1.1686740579e-05
-7.4773897671e-07	-9.2076281377e-06	-5.2894566408e-06	+3.9856714806e-08	+1.6831788824e-06	-3.0700150334e-06
-6.2792011166e-06	-1.1350181838e-06	+4.1861839239e-06	-1.5992762863e-06	-1.2332541662e-05	-6.4216048762e-06
+7.2294784103e-06	+1.2152380204e-05	+3.0175039377e-06	-1.2542022082e-05	-1.5189864564e-05	-8.0441734610e-06
+1.0175403213e-05	+1.7946250112e-05	+5.0568990027e-06	+9.4773638742e-06	+8.2717500835e-06	-9.1709332948e-06
-5.6011938390e-06	+5.3558451173e-06	+5.6690881277e-06	+4.8975891834e-06	+5.2879926721e-06	-5.2347534033e-06
-1.1111901152e-05	-5.1617585123e-06	-8.2405415679e-06	+2.0009747192e-06	+1.5954865641e-05	+7.1616482735e-06
-6.1556329231e-06	-1.5560729767e-05	-1.8368126436e-05	-1.0566265759e-05	+4.5982027041e-06	+9.6487597591e-06
-2.2806473250e-07	-6.5966813891e-06	-1.0420487991e-06	+8.3577187145e-06	+2.9487448965e-06	-3.2617425031e-06
+2.0570702903e-06	+7.2456109211e-07	-4.6120807176e-06	+5.1593867715e-08	+1.0261335102e-05	+6.1414075270e-06
-2.1336585040e-06	+6.1136663956e-06	+1.3081204007e-05	-2.6286524621e-07	-1.4180894342e-05	-7.5884966615e-06
+3.4906282970e-07	+3.2733483426e-06	+9.6586838233e-06	+1.1841943588e-05	+3.6518901808e-06	-4.5162100551e-06
-2.1914563533e-06	-8.4996601649e-06	-1.7893411696e-05	-1.0211106321e-05	+1.4331337546e-06	+1.0785089057e-05
+1.2647641793e-05	+7.2970687412e-06	+7.6256693378e-06	+5.3807641925e-06	-7.5519389085e-06	-9.8145621554e-06
+3.4557994678e-06	+1.5836763490e-06	-1.2015231262e-05	-1.4711196505e-05	-1.0581609559e-05	+2.3625944357e-06
+1.5319244988e-05	+1.6155976168e-05	+2.0601773571e-05	+1.4118985835e-05	-1.2005207660e-05	-1.1989459324e-05
+2.5469714689e-06	-5.9434408131e-06
