TIMESERIES IS_MMLI__BHZ_D, 5021 samples, 40 sps, 2008-01-05T05:27:48.618229, SLIST, FLOAT, 
+1.1516434169e-08	+2.3146470327e-08	+2.5503813877e-08	+2.8146875567e-08	+4.3390379678e-08	+3.3619154609e-08
+4.7635739737e-08	+6.2339377726e-08	+5.0363283996e-08	+6.5696558366e-08	+5.8651720398e-08	+7.0607346782e-08
+8.4632218238e-08	+6.4518131238e-08	+8.4237226160e-08	+6.5261378465e-08	+8.2424209270e-08	+7.6919455368e-08
+4.9486227922e-08	+1.1100571510e-07	+5.4737793739e-08	+3.6288325796e-08	+6.6965321375e-08	+6.7293286003e-09
+5.4388267312e-08	-1.4162162312e-08	-2.4261828533e-08	+3.0745897565e-08	-6.5677410957e-08	-5.7541454159e-08
-5.6129768343e-08	-9.3002842387e-08	-5.8773431514e-08	-1.1794376983e-07	-1.0948177931e-07	-1.1210880644e-07
-2.0152198434e-07	-1.3623109502e-07	-1.5013578775e-07	-2.2247231941e-07	-1.8128372035e-07	-1.7745585023e-07
-1.9948118712e-07	-1.9656215660e-07	-2.0056413974e-07	-2.0923835948e-07	-1.2238919370e-07	-1.9723325382e-07
-2.5182917122e-07	-5.8273060395e-08	-2.1399413507e-07	-2.8919734771e-07	-6.8278893352e-08	-2.0583857504e-07
-2.0618998781e-07	-1.1069505429e-07	-1.3454136286e-07	-7.9028160116e-08	-1.6045826865e-07	-6.6780094932e-08
-3.1802247592e-08	-1.9210966345e-07	-4.0504449716e-08	-6.2100601173e-08	-9.8628564432e-08	+2.2705669769e-08
-9.9423165807e-08	+1.5898618104e-07	+8.3939273203e-08	-1.3195067501e-07	+2.5377302658e-07	+7.4049179826e-08
+1.1566519601e-08	+1.9439922059e-07	+1.4734655726e-07	+3.0225448411e-07	+1.0213396724e-07	+2.3640786937e-07
+4.4882825088e-07	+1.2524138348e-07	+2.7834630190e-07	+3.8808541365e-07	+2.4850288433e-07	+1.8835477559e-07
+3.3571072976e-07	+5.2992848318e-07	+2.0800862061e-07	+2.6789208332e-07	+5.8917128009e-07	+2.5264596096e-07
+2.3088526185e-07	+4.0491070403e-07	+3.6619615932e-07	+2.9324361160e-07	+2.1789962060e-07	+4.3118154991e-07
+3.0050683019e-07	+1.6214473672e-07	+3.9787906966e-07	+2.1979645287e-07	+7.2430473564e-08	+7.5690475527e-08
+2.2421407812e-07	+1.1619036008e-07	-1.1330986998e-07	+1.6083676973e-07	+8.9731216306e-08	-1.4588125878e-07
+9.8281237110e-08	+3.1264142745e-08	+5.2384339719e-08	-8.8792912657e-08	-2.5587637827e-07	+7.1019251006e-08
-2.1185810010e-07	-1.6540893294e-07	-1.6958074640e-09	-2.8304517275e-07	-4.6213047919e-09	-1.5337073954e-07
-2.2101050535e-07	+9.5438461980e-08	-4.0963757623e-07	-2.4997118765e-07	+4.1185307614e-08	-2.9729052435e-07
-1.5084339371e-07	-1.7109177670e-07	+9.2786461429e-08	-1.7810699977e-08	-2.8386711275e-07	+8.1178174812e-08
-1.1537519202e-07	-1.7937059174e-07	+1.6605462346e-08	-5.1512377925e-08	-4.3985236460e-08	-2.2904856191e-07
-1.7870193528e-07	+2.8877447095e-08	-2.5845946465e-07	-1.4101898037e-07	-8.4248688970e-09	-1.9346004333e-07
-3.1457153477e-08	-2.6899971971e-07	-3.0697511293e-08	-1.3068974179e-07	-2.6882983338e-07	+2.4586797732e-07
-2.8430811953e-07	-1.9766942077e-07	+2.5030237947e-08	-9.7283481525e-08	+8.5086824141e-08	-3.2626488143e-07
-4.0107466758e-08	-5.5285550519e-08	-3.5961599202e-07	-8.4426103277e-08	-2.3078964532e-07	+8.9790584338e-08
+2.2935959849e-08	-5.8526789223e-07	+1.6956313223e-07	-1.1774727865e-07	-4.8841857609e-07	+3.3348880158e-07
-3.4153674530e-07	-1.9667526517e-08	+9.9076292470e-08	-1.8687550882e-07	+3.7710427316e-07	-3.6346385909e-07
+1.3941990226e-08	+3.1968958105e-07	-2.0132833646e-07	-6.9066396588e-08	-2.1303708078e-07	+1.8186055739e-07
+7.6199319510e-08	-2.7535899516e-07	+3.4283007447e-07	+1.7422185830e-07	-2.7820259064e-07	+7.2624973958e-08
+9.9110931324e-08	-7.8306784396e-08	-1.9710543029e-07	+2.3399101441e-07	+2.3502401238e-07	-3.2796109903e-07
+2.5767969765e-07	+5.0199339632e-07	+1.8881152018e-07	+1.2382795334e-08	+2.6043101225e-07	+4.3651606296e-07
-1.1880772428e-07	-2.4751888994e-08	+4.7696587428e-07	+2.0604395733e-07	+1.3506269679e-07	+1.0170159224e-07
+1.7979373141e-07	+2.7884816761e-07	-3.3349752634e-07	+1.0214793162e-07	+3.2042432116e-07	-3.2812120464e-07
+1.5942450296e-07	-1.0173107973e-07	-1.8993744337e-07	-1.2775311878e-07	-5.1279577214e-07	+1.0017003684e-07
-4.0633442921e-07	-7.3843748399e-07	-2.7779090745e-08	-3.3892858543e-07	-7.0883772969e-07	-7.6780429370e-07
-4.2546800452e-07	-2.3696313529e-07	-1.1805149857e-06	-5.4638583380e-07	-4.5190145796e-07	-1.0787265222e-06
-4.6031034548e-07	-7.1742949015e-07	-5.6798843891e-07	-8.0120478138e-07	-5.1308564399e-07	+5.7424277895e-08
-1.1035610610e-06	-4.5363458292e-07	+9.8668315042e-08	-8.3163442976e-07	-4.2411668212e-07	-2.3560220149e-07
-4.0180377055e-08	-1.2128665567e-07	-2.7209591679e-07	+3.6672312504e-07	-6.6791344337e-09	+2.0981290990e-08
+1.4931788037e-07	+3.3607903960e-07	+4.3548131606e-07	-8.9835209638e-08	+8.3839569132e-07	+7.8611320625e-07
+2.8434935105e-07	+1.0829132444e-06	+3.2067470277e-07	+7.1625876154e-07	+1.0434247967e-06	+4.6507712899e-07
+1.4313250898e-06	+7.6263139278e-07	+6.4958225069e-07	+1.2824510803e-06	+6.2381005180e-07	+1.1629910600e-06
+8.6077416900e-07	+3.0076044587e-07	+1.0250082210e-06	+7.4313485634e-07	+5.6177152278e-07	+5.3879395090e-07
+2.6494139061e-07	+7.5413237047e-07	+3.2925114652e-07	+2.7846184330e-07	+6.4567305591e-07	+3.3374178338e-07
+2.1565738662e-07	+2.1277906151e-07	+5.8471544750e-07	+3.0744155999e-07	-4.4341448523e-07	+2.8815421584e-07
+1.6316148499e-07	-2.4706578935e-07	+1.5672568569e-07	-2.9699648728e-07	+2.3891188171e-07	-3.0103698042e-07
-1.8504477400e-07	+4.3206550555e-07	-7.0822657130e-07	-1.0159484588e-07	+2.2976461320e-07	-2.7048894708e-07
-8.0697902018e-08	-1.7659601022e-07	+9.8320744278e-08	+1.4212991832e-07	-3.4495113632e-07	+2.7490486120e-07
-5.0714443964e-08	-5.3455409165e-07	+4.4328259194e-07	-7.8342704065e-08	-2.2614260977e-07	+2.1311901566e-07
+4.7305309399e-07	+1.5836570181e-07	-1.4554536556e-07	+9.0403113181e-07	+2.1789857590e-07	-4.5594502174e-07
+5.0498141950e-07	+1.6898933425e-07	+2.4091726058e-08	+2.2364832155e-07	+1.6745339570e-07	+3.3664014476e-07
+4.8915196211e-08	+3.9360083414e-07	+1.9490297475e-07	-4.4585011733e-07	+6.7744792414e-07	-2.7986277839e-08
-6.3770977359e-07	+2.8784276194e-07	+2.6955189437e-08	-2.0235014450e-07	-6.8413365438e-07	+1.3683018417e-07
+2.1914190680e-07	-4.6012807726e-07	+4.1604385182e-07	-6.1949920601e-07	-3.2916098444e-08	+2.4053207433e-07
-1.0348845914e-06	+5.1394359130e-07	-2.9596712253e-07	-6.5204002355e-07	+3.7263209577e-07	-3.9584332746e-07
+9.7685398346e-08	-1.8221861712e-07	-1.0829006710e-07	+1.9091872646e-07	-6.6063071838e-07	-2.1889583432e-07
-2.3497470279e-07	-4.8832540844e-07	-1.8386639842e-07	-6.6884279523e-07	-6.0466086627e-07	-5.0491139974e-07
-4.1831427867e-07	-2.4463302973e-07	-8.4164979488e-07	-5.7704678689e-08	-4.6561254253e-07	-7.6796884877e-07
-2.5888812793e-07	-9.3513973063e-07	-3.3340343784e-07	-5.2061443718e-07	-8.9109974680e-07	-2.4233219630e-07
-4.8387882199e-07	-1.0743809434e-06	-4.2565837991e-07	-4.5054470509e-07	-9.9335212727e-07	-4.5965750543e-07
-5.1693775819e-07	-6.8168477191e-07	-1.0942681272e-06	-1.5738730511e-07	-4.0445771854e-07	-7.6405957693e-07
-3.9744994638e-07	-8.4864316582e-07	+2.2588005110e-07	-6.6882859460e-07	-5.9416466297e-07	-6.9130759168e-08
-1.0323009720e-06	+1.1358019751e-07	-7.4370624384e-08	-3.4923964369e-07	+7.8279859955e-07	-3.4386258083e-07
+1.9770575884e-07	+1.1325250745e-06	-2.1180589681e-07	+4.2305817868e-07	+5.9825324614e-07	+3.2187142782e-07
+8.0685472768e-07	+7.9684731139e-08	+8.5655386512e-07	+8.0114994665e-07	+1.0562951777e-07	+7.1248330218e-07
+4.1453707916e-07	+4.1774183306e-07	+4.5904317297e-08	+3.4699285497e-08	+5.5858762971e-07	-4.9626877762e-07
+2.3732762629e-07	-3.7847351691e-08	-8.7018172094e-07	+1.5115448467e-07	-4.7579741098e-07	-3.5177972804e-07
-5.7477732307e-08	-6.5335520110e-07	-1.8202644162e-07	-7.1865973424e-07	-7.2357454457e-07	-4.9604240490e-07
-1.0096866081e-06	-4.3929655663e-07	-6.5764985208e-07	-7.3087710848e-07	-2.6821153721e-07	-4.9947453676e-07
-5.2470337700e-07	-1.5722411528e-07	+5.3173199858e-08	-5.3722845509e-07	-2.0351330973e-07	+4.4927136173e-07
+1.1965802826e-07	-2.1205697620e-07	+4.4513053781e-07	+7.5005501287e-07	+1.0544608888e-06	+7.8710941598e-07
+5.7664626149e-07	+1.7008764358e-06	+6.6151489231e-07	+8.9899822185e-07	+1.7588243451e-06	+7.3045271330e-07
+1.2298184193e-06	+1.5848970139e-06	+1.7515481935e-06	+1.8321938353e-06	+1.1931531325e-06	+2.0381214106e-06
+1.9752020767e-06	+1.1258361049e-06	+1.7338241218e-06	+1.8260843364e-06	+1.4752430392e-06	+1.1788360031e-06
+1.6435779570e-06	+1.6681219699e-06	+9.1764205707e-07	+1.7858714399e-06	+1.6478420783e-06	+5.3527657598e-07
+1.4428368797e-06	+6.8392057753e-07	+8.0959395532e-07	+8.9344905446e-07	+2.3091338834e-07	+1.0594337810e-06
-1.5409351899e-07	+7.8232043522e-08	+3.1438013341e-07	-6.1080232476e-07	+6.2621392556e-08	-4.2158886710e-07
+5.5226327320e-08	-5.1451244046e-07	-1.1751754990e-06	+2.0439595793e-08	-1.1922260114e-06	-8.2274405999e-07
-6.2569597712e-07	-1.3409978993e-06	-4.7088343095e-07	-1.4572805576e-06	-1.4822446097e-06	-7.7390204104e-07
-1.5273289137e-06	-4.1746382571e-07	-1.0132107612e-06	-1.3448998524e-06	-1.9434701078e-07	-1.4000794295e-06
-5.2646053391e-07	-2.3633054297e-07	-8.4130550693e-07	-4.6516343862e-08	-9.2068858775e-07	+1.2975988297e-07
+2.8528468523e-07	-9.2560679651e-07	+8.4639694217e-07	+2.7028637845e-07	+2.3767440004e-08	+7.1489243589e-07
-1.8876558093e-07	+7.2640294527e-07	+4.5736004739e-07	+2.0240919436e-07	+1.1109095192e-06	+4.0065724929e-07
+8.2323865102e-07	+5.3883352681e-07	+1.9267641823e-07	+9.4390506850e-07	-2.5577639843e-07	+5.4334515539e-07
+3.4349987006e-07	-2.0017884432e-07	+1.2959748221e-06	-5.3697468579e-07	+1.5569645924e-07	+4.2798082373e-07
-8.5245869311e-07	+3.8767269899e-07	-5.7742278308e-07	-5.8897492409e-07	-5.0903397397e-07	-8.9485423858e-07
-2.3575748272e-07	-1.1072108059e-06	-1.0536616061e-06	-5.8731909156e-07	-1.7305918566e-06	-1.1038158708e-06
-7.7224303386e-07	-1.7589984369e-06	-1.6406667364e-06	-1.3582192560e-06	-1.3225666699e-06	-2.5731070935e-06
-2.1785073574e-06	-9.9783281303e-07	-2.0767631491e-06	-1.8432680103e-06	-1.3442412979e-06	-1.8236286314e-06
-1.4200882046e-06	-1.7939583605e-06	-1.1230190929e-06	-9.9618517632e-07	-2.3223902253e-06	-7.4247944279e-07
-6.8305248463e-07	-1.7691416308e-06	-6.3985681234e-07	-1.0503994745e-06	-1.4570121362e-06	-1.0673409688e-06
-1.2252427384e-06	-8.5564863338e-07	-9.5355283318e-08	-1.4411067170e-06	-6.1456757343e-07	-1.3772826109e-07
-1.2381154261e-06	+6.4065970637e-07	-1.3928994472e-06	-4.9119572620e-07	-6.3697669012e-08	-1.1253263754e-06
+4.2680708908e-07	-8.1059507897e-07	+4.1046247894e-08	-1.4434156980e-07	-3.4340603451e-07	+3.5929431085e-08
-9.9563108615e-07	+3.7887133325e-07	-2.9737317324e-07	-6.1106634108e-07	+5.1159019393e-07	-3.0421562763e-07
+7.4826170395e-07	+1.5979320480e-07	+4.4794460279e-07	+1.5712498290e-06	+2.4590598910e-07	+1.1380987863e-06
+1.2854700079e-06	+1.3490371942e-06	+1.6579301654e-06	+1.5364135812e-06	+2.0714245638e-06	+1.8002506326e-06
+2.1548864696e-06	+2.1665565672e-06	+1.9202372628e-06	+2.9146914669e-06	+2.0900654272e-06	+2.7326848106e-06
+3.4721554659e-06	+2.5927579293e-06	+2.7750827358e-06	+2.4386998083e-06	+3.4972355878e-06	+3.2486113002e-06
+2.5378827467e-06	+3.7251218324e-06	+3.1487455232e-06	+2.7342323849e-06	+2.7972403895e-06	+3.1277323780e-06
+3.1542380763e-06	+1.9517592982e-06	+2.1581976428e-06	+2.2850350434e-06	+1.6862709836e-06	+1.8841597725e-06
+1.8735957699e-06	+1.1201103408e-06	+6.0524917565e-07	+9.5683512756e-07	+8.5958066888e-07	-7.1520782928e-07
+3.2544297415e-09	+8.6056443536e-07	-1.3883770190e-06	-5.6136785060e-07	-6.6361015171e-08	-2.0446473482e-06
-9.4116249610e-07	-1.3318968053e-06	-1.8125881347e-06	-1.6540748516e-06	-3.0032931427e-06	-1.4578206171e-06
-2.1377520093e-06	-3.1814935099e-06	-1.3591473041e-06	-2.2779273038e-06	-2.3208887971e-06	-2.4335632844e-06
-3.0738883734e-06	-2.3577362205e-06	-2.6817425320e-06	-2.1315812498e-06	-2.3839029386e-06	-2.4676724809e-06
-1.7571820683e-06	-2.3890291579e-06	-1.4137999483e-06	-1.9409756290e-06	-2.1372579015e-06	-1.3291549642e-06
-2.2522138260e-06	-5.1449391964e-07	-1.1259322347e-06	-1.6090944039e-06	+7.2584113459e-07	-7.4677963748e-07
-9.1736837016e-07	-1.0983019807e-07	+3.0366624669e-07	+3.1935784286e-07	+6.1093330110e-09	+1.0628855351e-06
+6.7813348075e-07	+2.9028438945e-07	+9.6914097708e-07	+1.4735176002e-06	+1.3078616938e-06	+9.7797631027e-07
+2.1263396120e-06	+1.8533939835e-06	+8.3076353709e-07	+2.1977575561e-06	+2.6958743927e-06	+1.4080442387e-06
+1.3553259735e-06	+2.3242339711e-06	+2.4479061403e-06	+1.1568031661e-06	+1.9856122591e-06	+2.7274987583e-06
+1.3989275032e-06	+1.2882086323e-06	+2.3503808465e-06	+1.7924466141e-06	+8.5001640326e-07	+1.0570055335e-06
+1.8323475205e-06	+1.1150672480e-06	-2.3886349807e-07	+1.3671174525e-06	+9.0175147747e-07	-6.4976467351e-07
+8.3689795281e-07	+2.0740935783e-07	-4.8582591637e-07	-4.7345465634e-07	-3.8328712408e-07	-8.7014723256e-08
-1.2657750924e-06	-5.2217406393e-07	-9.4391459855e-07	-1.8624864046e-06	-4.6634520873e-07	-1.6196404168e-06
-2.0502232722e-06	-1.3764904907e-06	-2.0802190817e-06	-1.5287216206e-06	-1.7318234444e-06	-1.9396665267e-06
-1.9342462701e-06	-2.1627379312e-06	-1.8301282894e-06	-2.1758446632e-06	-2.0398761171e-06	-2.2241369246e-06
-2.6016040382e-06	-1.7215014548e-06	-2.4470465407e-06	-2.0129338715e-06	-1.2336597059e-06	-3.2263822137e-06
-1.3402398339e-06	-9.0691808418e-07	-3.0132644369e-06	-1.2322678406e-06	-1.0039920529e-06	-1.5323942634e-06
-1.6300096670e-06	-1.7363382461e-06	+7.2161146077e-08	-8.7082101750e-07	-1.6400227585e-06	+3.9117575923e-07
-2.6801078573e-07	-6.9817420265e-07	-1.8812579364e-07	+2.3463744222e-07	+9.1437137283e-07	-4.3698559013e-07
+6.8304294223e-07	+1.1870537350e-06	-9.4780333784e-08	+9.4534780593e-07	+8.9155187312e-07	+1.2820275719e-06
+9.1540508708e-07	+3.1167330274e-07	+1.8817267447e-06	+5.9296050261e-07	+8.4198407715e-07	+1.7266233935e-06
+9.7633678651e-07	+1.5590170924e-06	+1.1673774399e-06	+1.6602707654e-06	+1.8124045328e-06	+1.2790816119e-06
+2.3559587067e-06	+1.6419095204e-06	+1.6277302714e-06	+2.1807103288e-06	+1.5924839830e-06	+2.1107251987e-06
+1.6301044633e-06	+2.2695794592e-06	+2.4134252970e-06	+8.3923673743e-07	+2.0344034596e-06	+1.4507855595e-06
+5.6176730803e-07	+2.0687844108e-06	+7.4400821406e-07	+1.1074981409e-06	+1.3250720557e-06	+3.2099639148e-07
+1.1783171013e-06	+1.1078193626e-07	+3.2645723035e-07	+5.1539998592e-07	-8.1113135906e-07	+2.6713196120e-07
-2.9518181226e-07	-1.3900958763e-06	-6.1098746251e-07	-1.0263099964e-06	-1.4642715434e-06	-1.5326785094e-06
-1.2935113429e-06	-1.1637793950e-06	-1.7849959600e-06	-9.9141592886e-07	-1.3546285311e-06	-2.0131299123e-06
-8.9968023907e-07	-1.3651566839e-06	-1.3292718004e-06	-9.9926640328e-07	-1.0279997202e-06	-1.1845707867e-06
-2.0683595590e-06	-6.2577912440e-08	-1.0047721303e-06	-1.8703190528e-06	+2.8343204314e-07	-1.4402412679e-06
-5.9060304727e-07	-8.9697291057e-08	-1.4252218239e-06	+9.5343108768e-08	-5.2416801789e-07	-4.0456593902e-07
+6.3162414235e-07	-1.9311849252e-07	+6.9027545937e-07	+7.2085318535e-07	+3.8572449959e-07	+1.1464016744e-06
+2.4303416893e-07	+7.5863977101e-07	+1.3111530813e-06	+8.8947944790e-07	+9.9674396215e-07	+9.4712491800e-07
+1.2671333499e-06	+8.2621398382e-07	+1.1269631607e-06	+1.8047062986e-06	+4.2688809272e-07	+8.6455368922e-07
+1.7752810517e-06	+7.6406770955e-07	+1.5663756337e-06	+9.7139297957e-07	+7.0376413606e-07	+1.6800162827e-06
+6.7945024666e-07	+1.0688555185e-06	+6.9580031488e-07	+4.4843671793e-07	+1.5852422421e-06	+6.1338811890e-07
+8.4614112032e-07	+1.3278722324e-06	+3.2518338747e-07	+6.8020800532e-07	+3.1906382356e-07	+3.7722326505e-07
+4.3955123864e-08	+1.0864153601e-07	+1.1850063222e-06	-8.2654039025e-07	-4.9375119664e-07	+3.2256846873e-07
-9.5665183954e-07	-3.6823390403e-07	-8.1919119444e-07	-7.5822324993e-07	-5.7031414255e-07	-1.3938524347e-06
-5.7116267880e-07	-1.1480610294e-06	-1.9279767302e-06	-6.0371799854e-07	-1.1239620381e-06	-1.3632235208e-06
-1.2850508419e-06	-1.6659342384e-06	-1.0773831198e-06	-1.5208880836e-06	-1.1579019365e-06	-1.2134969132e-06
-1.2312465953e-06	-7.9836523077e-07	-1.2969453307e-06	-5.6076063832e-07	-9.0686366375e-07	-1.5033168081e-06
-7.4858174310e-07	-1.3288059956e-06	-8.0706826152e-07	-6.0601423683e-07	-1.5581993146e-06	+4.3379684063e-07
-8.3931954882e-07	-1.4303210199e-06	+7.6531959482e-07	-3.2335150401e-07	-3.7879671749e-07	-1.9176030403e-07
+1.7009081029e-07	-1.9745731783e-07	-5.4746628493e-07	+1.2794481374e-07	-6.3546529683e-07	-2.3805662346e-07
-3.5553832190e-08	-4.7243933541e-07	+4.0249252639e-07	-4.3593881674e-07	+6.9167173790e-08	+1.1213501763e-06
-1.0650101479e-06	+2.2837064280e-07	+7.4842719253e-07	-3.6800812082e-07	+2.6109920660e-07	-5.3071802473e-07
+4.5280669761e-07	+4.7120326953e-07	-3.6112307252e-07	+9.2440936956e-07	+4.0405041846e-08	-6.0941581817e-07
+3.2025979785e-07	+1.7886465502e-07	-8.0298772119e-08	+1.0564740015e-07	+4.7053725568e-07	+1.4800948160e-07
-7.8104068273e-09	+2.4857396384e-07	+4.8286169658e-07	+2.9925661746e-07	-9.3384255954e-08	+6.7344318406e-07
+8.4134850231e-07	-1.5622291800e-07	+7.5628200428e-07	+1.4301926275e-06	+1.8046935254e-07	+8.3279410973e-07
+1.5009918001e-06	+1.1416482761e-06	+1.2126730857e-06	+7.2859558657e-07	+1.9657695812e-06	+1.7127185898e-06
+6.0497832633e-07	+2.0545199089e-06	+8.9574680443e-07	+1.2258046207e-06	+1.9224955955e-06	+6.8238760338e-07
+1.8804724760e-06	+1.3634556520e-06	+9.4845230694e-07	+9.3542402133e-07	+1.0235121527e-06	+2.0689747567e-06
+4.7879194115e-07	+1.0572841227e-06	+1.5802750406e-06	-3.2251462759e-07	+7.9678019097e-07	+1.2781897669e-06
-1.2807995305e-07	+3.2281320209e-07	+5.4610855280e-09	-4.6179453539e-08	-6.9866203318e-08	+1.5929134861e-07
+1.2371125729e-06	-5.3362181309e-07	-4.8732850306e-07	+6.4043825218e-07	-5.8020632513e-07	-3.7399859236e-07
-6.2360968023e-07	-5.9492345989e-07	-2.1735401982e-07	-1.6218692177e-06	-6.2528856839e-07	-6.2231321699e-07
-1.3902070138e-06	-6.6365433665e-07	-1.3333441223e-06	-1.1092326378e-06	-1.7116736609e-06	-1.7648552769e-06
-1.2249957305e-06	-1.9094114819e-06	-1.9478281210e-06	-1.9503330782e-06	-1.2126088420e-06	-1.4293795618e-06
-2.6571144236e-06	-1.0355395794e-06	-1.1528653994e-06	-2.4457004201e-06	-9.0280102499e-07	-1.2917043038e-06
-1.6599442122e-06	-1.2125847779e-06	-1.9546193602e-06	-7.8404629268e-07	-1.4660553777e-06	-1.3120598770e-06
+2.7370566152e-07	-1.2625687973e-06	-8.4094404069e-07	+1.8277226550e-07	-8.1476443939e-08	+9.1144889238e-09
-1.3596189638e-07	+9.0217134078e-07	+7.2249277137e-07	+6.8534030382e-07	+1.2523651041e-06	+1.0007315825e-06
+1.2912817389e-06	+8.8761368616e-07	+1.7144156337e-06	+2.2907722680e-06	+8.7677287206e-07	+1.7936304392e-06
+2.2129154377e-06	+1.4263181958e-06	+1.8078169492e-06	+1.9921669672e-06	+1.9580043399e-06	+1.5123529326e-06
+1.6899781051e-06	+2.2710690921e-06	+1.4820627756e-06	+1.7353582595e-06	+1.5814258320e-06	+1.3973704005e-06
+1.6921123304e-06	+5.6842115974e-07	+1.7595844554e-06	+1.6777021171e-06	+1.7396105492e-07	+1.3089566253e-06
+7.0378200982e-07	-3.3733313733e-09	+4.1721234130e-07	-1.4047527624e-07	+4.0337687768e-07	-5.5760955258e-07
-1.0758555535e-06	+1.9120011482e-07	-1.6130983067e-06	-9.5910758144e-07	-4.4247884243e-07	-1.8989403122e-06
-1.1600357510e-06	-1.1691209553e-06	-1.3558803493e-06	-1.9238719971e-06	-2.5044776462e-06	-1.5661273460e-06
-2.0107258842e-06	-2.5534444883e-06	-1.4300818024e-06	-1.9653601037e-06	-2.0373409059e-06	-2.2243126854e-06
-2.0512654858e-06	-1.3941521461e-06	-2.8606487969e-06	-1.4679129332e-06	-1.4791200268e-06	-2.5565872083e-06
-9.2644994782e-07	-1.6039847184e-06	-1.5738208642e-06	-5.0323404606e-07	-1.3918506761e-06	-1.1672141479e-06
-6.6338064692e-07	-1.0097544796e-06	-5.1045179363e-07	-8.7725739948e-07	-1.0190414283e-06	-1.4984618470e-07
-9.0060384031e-09	-5.7716366958e-08	+1.8855340353e-07	+3.7565823838e-07	-1.8305325694e-07	+3.6778741364e-07
+1.2889608315e-06	+2.7664143750e-08	-1.2192648231e-07	+1.1499498375e-06	+1.0499448287e-06	+4.6342971107e-07
+8.9475933528e-07	+1.8513754560e-06	+7.3678788355e-07	+7.1822707964e-07	+1.9481970287e-06	+6.2592719270e-07
+1.7525627996e-06	+1.6357012652e-06	+5.6981957349e-07	+2.5965893662e-06	+1.6536679983e-06	+6.8880226352e-07
+1.9439683308e-06	+1.9299395317e-06	+1.6545822729e-06	+1.1990863870e-06	+1.4504123861e-06	+1.8437270670e-06
+9.4012413512e-07	+1.6257360702e-06	+1.2913404843e-06	+1.2668591809e-06	+1.5317505776e-06	+4.4873838925e-07
+1.7885204428e-06	+7.0602006326e-07	+6.3712757699e-07	+2.0860886660e-06	-1.8043970866e-07	+5.6625195566e-07
+1.1097820169e-06	-2.3622492864e-07	-7.7028467184e-08	+3.5230420278e-07	+5.2735661593e-07	+2.1112737975e-08
-8.7349311835e-07	+3.6756887637e-07	+2.2105657813e-07	-6.2919032342e-07	-3.9380830347e-07	-4.6557394713e-07
-8.1700045518e-08	-1.0091310629e-06	-1.1530006640e-07	+9.1884714427e-08	-1.3649880321e-06	+3.3931356673e-07
-1.3477630226e-07	-7.4361950708e-07	-9.0618266251e-08	-6.0457388427e-07	+9.5067209112e-08	-6.4131789740e-07
-2.7863849576e-07	-2.1892982133e-08	-1.1491874163e-06	-1.1397447312e-07	-2.4014911283e-08	-6.5738640137e-07
-4.5263863904e-07	-3.0295950863e-07	-8.3866887689e-08	-8.7002538401e-07	-5.3035959059e-07	+6.1113184989e-08
-8.9572315997e-07	-6.2515755262e-07	-1.1698399467e-07	-4.7783563792e-07	-5.3859604442e-08	-7.9044637944e-07
-8.6935432917e-08	+3.2350133473e-07	-9.1075742809e-07	+2.1240894193e-07	-2.5484120433e-07	-5.1660107729e-07
+2.6112861958e-07	-6.5452061386e-07	+4.6529241600e-08	+1.9990982838e-07	+3.9863188930e-08	+9.6724792447e-08
-1.9367157168e-07	+8.1243088970e-07	+5.7645343238e-07	-5.7605809278e-07	+4.9576040894e-07	+6.3671158024e-07
+1.2966492083e-07	+2.3541287731e-07	+3.0208222841e-07	+1.0571839593e-06	-1.6274667192e-07	+2.1649120897e-07
+1.2522154839e-06	+3.8647924725e-07	+9.4889963351e-07	+4.1615731344e-07	+7.0597455701e-07	+8.2088166601e-07
-2.3500133884e-07	+1.3745456042e-06	+2.9424296384e-07	-2.8442395945e-07	+8.5961513025e-07	-4.4020130221e-07
+3.1923551146e-07	-1.6583631113e-08	-3.1945974558e-07	+3.5442022931e-07	-1.1192716376e-06	+8.0712664725e-09
+7.0106525300e-07	-1.1068567081e-06	-9.3625484812e-07	+1.2249179754e-07	-3.1189035063e-07	-1.1488513150e-06
-2.1463980625e-07	-8.0426188991e-08	-1.2781589763e-06	-7.7058390244e-07	-5.1020514782e-07	-1.1060331473e-06
-1.1286689837e-06	-9.3034063720e-07	-5.9301307896e-07	-1.1316662864e-06	-1.2969746927e-06	-2.8718491308e-07
-1.3053856054e-06	-1.5069315402e-06	-4.6628887474e-07	-1.2358805733e-06	-7.3841571445e-07	-7.3144104683e-07
-1.0985668550e-06	-9.6964866204e-07	-1.1788649066e-06	-2.7487046665e-07	-1.1250409569e-06	-9.3514919696e-07
-6.0155070455e-07	-1.4187818786e-06	-4.4675557146e-07	-1.2973904803e-06	-1.0011922696e-06	+5.3912171529e-07
-1.1972865120e-06	-4.1419346467e-07	+4.1699366962e-07	-1.0249888214e-06	+2.6180879732e-07	-2.9626693599e-07
-8.2937591990e-07	+3.3089875296e-07	-9.4076436292e-07	-3.8012546455e-07	+1.4578852969e-07	-4.1582324938e-07
-1.3877693888e-08	-2.5042215364e-07	+5.7467067127e-07	-1.2635180428e-07	-7.3509825761e-08	+1.0320776376e-06
+4.9944994357e-08	+4.5458203782e-07	+3.2029454988e-07	+6.8832432658e-07	+1.0607829347e-06	+3.0929860589e-08
+1.1972206424e-06	+1.1720078702e-06	+3.4867489675e-07	+1.5365303907e-06	+1.0367603420e-06	+8.8162440432e-07
+1.3928852357e-06	+3.8471904571e-07	+1.7364608667e-06	+1.0896406131e-06	+7.3682432113e-07	+1.9061225223e-06
+3.2642713595e-07	+1.4232464900e-06	+1.4381762856e-06	+4.4377083884e-07	+1.2741992473e-06	+1.0253191756e-06
+8.7838144106e-07	+5.0709483528e-07	+1.0308459891e-06	+9.0286808104e-07	+8.1136502788e-07	+1.1010312336e-06
-3.0669291392e-08	+4.6229473076e-07	+1.2606498229e-06	-4.4250843341e-08	+4.8911811727e-07	+8.1200279023e-07
-3.4191555226e-07	+7.4865471844e-07	+1.3204149680e-07	-1.8026007201e-07	+6.4044698940e-07	-2.2332222545e-07
+5.3494476962e-07	-1.6421847420e-07	-2.6117555285e-07	+5.2009913405e-07	-8.6364528386e-07	-4.3956062510e-07
-9.6705713233e-09	-1.0780526160e-06	-2.1101080405e-06	-2.5192933941e-06	-3.4310024544e-06	-6.7033659501e-06
-8.9553641312e-06	-1.0216875642e-05	-1.1634459488e-05	-8.5107917888e-06	-1.1891682139e-07	+8.0672424614e-06
+1.4684026583e-05	+1.9634091791e-05	+9.4962176453e-06	-5.8144973781e-06	-5.1064283032e-06	-4.6522797988e-06
-4.5055326806e-06	-5.0651094256e-06	-5.8428050140e-06	+5.8084428736e-06	+1.2900640925e-05	+2.1728996639e-05
+3.0823151131e-05	+1.3558737092e-05	-1.0872133757e-05	-1.6623415827e-05	-6.2699056864e-05	-3.2900359827e-05
+8.9858333644e-05	+3.3819922562e-05	-9.5557864723e-06	-6.0309770322e-05	-1.5339246967e-04	+1.3357092451e-04
+2.2013280707e-04	-9.5398084834e-05	-1.1782942287e-04	+2.8910129741e-05	-3.0700140692e-05	-1.9375631272e-04
+1.0290215509e-04	+3.8387358825e-04	-5.4384001005e-05	-2.0228879366e-04	+1.0231656349e-04	-5.6625288188e-05
-1.1925413916e-04	+1.8637533106e-04	-5.4202550521e-05	-2.6197155330e-04	+4.2793076867e-05	-1.6037070253e-06
-7.2158309722e-05	+3.0494505858e-04	+2.0754621631e-04	-3.0129079315e-04	-2.8498948114e-05	+2.2943310601e-04
-2.4114285490e-04	-8.7354054449e-06	+4.4402273317e-04	-1.3215990298e-04	-3.3372622697e-04	+1.9881032263e-04
+1.2455326343e-04	-3.3537331381e-04	-7.9216520080e-05	+1.2284564869e-04	-9.4799104314e-05	+1.6413782545e-04
-2.5512130808e-05	+8.4349320341e-05	+2.4058586261e-04	-3.8512384811e-04	-8.5199487337e-05	+8.1375364057e-05
+1.2491447561e-04	+2.3066256388e-04	-2.1865905817e-04	-1.4821150428e-04	+9.7817381672e-05	+1.1508290430e-05
-6.7313171738e-05	+4.5013103768e-05	-6.3910164039e-05	-2.6192797558e-05	+6.3454668130e-05	-2.0927225301e-05
+9.9050714610e-05	-8.7326917815e-05	-1.5179647735e-04	+1.8121076146e-04	+1.0330733231e-04	-1.4477005816e-04
+6.7596557866e-05	-4.2206840050e-05	-1.9128559167e-04	+1.7409336107e-04	-9.0562872408e-05	-1.5644362426e-04
+3.8111375845e-04	+9.0653733808e-05	-1.4692014361e-04	+1.6963213306e-04	-1.0431012745e-04	-4.0220165610e-04
+4.3753170486e-05	+2.6987538507e-04	+2.5599036579e-05	+1.0682182270e-04	+2.3660492894e-06	-2.2936290130e-04
-3.4925138856e-05	+4.9202156410e-05	-5.6945717935e-07	-1.7861286190e-05	+1.3220654845e-04	+2.6196167250e-05
-1.4383488515e-04	+5.3869914099e-05	-6.0931879912e-05	+7.7803323231e-05	+2.5493991753e-04	-1.3727598082e-04
-2.0609677008e-04	+7.9469778226e-05	+7.4045945396e-05	-5.4528681396e-05	+2.0674165204e-05	-1.3033525672e-04
-9.4019028544e-05	+1.4077613230e-04	+8.2580152807e-05	+1.7946714852e-04	-6.9977433519e-05	-4.3174341612e-04
-2.8181495429e-06	+3.0693503715e-04	+5.9764357987e-05	+1.8221475804e-04	-3.8512081764e-05	-5.4375260392e-04
+1.4168242727e-04	+3.1592896763e-04	-1.4768506139e-04	+2.2177566328e-04	-6.1472660606e-05	-4.1355985066e-04
+9.2311515878e-05	+1.8489434474e-04	+4.1690385432e-05	+6.7051380365e-05	-4.0818536472e-06	-7.2668460954e-05
+9.4324698305e-05	+1.2830595576e-04	-1.2107619144e-04	-9.1518563723e-05	-1.4840316999e-04	-2.1326622274e-04
-5.9803696486e-07	+1.8144098910e-04	+2.3249478796e-04	-8.1257843780e-05	+9.7318065913e-06	+1.7083100318e-04
-2.0906219779e-04	-2.5572094092e-04	-7.0871272118e-05	+1.7865889922e-04	+2.6956653916e-04	-9.9828894047e-05
-7.7567160412e-05	+2.1851694537e-04	-6.8796634936e-06	-3.3054266250e-05	+1.0590453000e-04	-9.2641915100e-05
-2.7400775125e-04	-1.7088087615e-04	+1.5957373775e-04	+9.3084010684e-05	+2.2994886461e-05	+2.7180580944e-05
-1.5495374997e-04	+7.1855662769e-05	+3.1242993595e-04	+7.0260801339e-05	-2.7344083242e-04	-9.4889964076e-05
+9.0765763839e-05	-6.3839966861e-05	+2.3080074726e-05	+1.0806435020e-04	-7.4384399692e-05	-3.5764789114e-05
+1.4648271510e-04	-9.2913887296e-05	-1.2339757351e-04	+9.5842964523e-05	+2.9857008626e-06	+5.8363592018e-05
+1.1829034405e-04	-1.6465307454e-04	-1.5612763714e-04	+5.4192005564e-05	-1.1413458500e-04	-5.1130440835e-07
+1.8194672332e-04	+6.4058375032e-05	+1.5516274283e-04	-9.2291619679e-05	-2.1422590513e-05	+2.9702176494e-04
-3.4981039203e-04	-4.1118865617e-04	+3.1993878534e-04	+3.1791742432e-04	-2.7511996156e-05	-1.8333885233e-04
-2.4713688710e-04	+3.0922347509e-06	+1.3963329320e-04	+1.3522897657e-05	+4.9736081460e-05	-1.2556344634e-04
-6.2449402207e-05	+3.1992645990e-04	-1.2852508148e-06	-2.8224457032e-04	+1.2331498912e-04	+1.7228724526e-04
-1.7128700942e-04	-1.7519980972e-04	+2.1572489835e-04	+1.7236677083e-04	-2.3220130469e-04	+1.0213955056e-05
+6.8206212922e-05	-6.0169872377e-05	+2.2702333542e-04	+3.2806726847e-05	-2.1266744274e-04	-3.3285321363e-05
+7.9098752160e-05	-1.1981737748e-04	-2.0848112732e-04	+1.0937586491e-04	+1.7463983109e-04	+6.9918024754e-05
-6.1535837605e-05	-7.2193378095e-05	+9.1562641814e-05	+4.0463674485e-05	-1.0443251774e-04	-1.2171887020e-04
+1.2933437787e-05	+1.4761466839e-04	+1.3595457952e-04	-1.5424739421e-04	-9.4636121412e-05	+1.4883462288e-04
-4.0022764525e-07	-1.2502501022e-05	-3.1693944966e-05	-8.8996076619e-05	+7.7826600412e-05	-2.0044023098e-05
-1.5927200722e-04	+1.5012417401e-04	+1.5229310202e-04	-4.6027938501e-05	-5.6833948107e-07	-1.4318680262e-04
-1.1015656924e-04	+9.1136434902e-05	+2.3885376486e-05	+2.5318455871e-05	+4.7580073760e-05	+9.7487047896e-05
+9.2400971718e-05	-1.2495960262e-04	-1.3012378695e-04	-7.6127289727e-05	+9.0323460680e-05	+7.4882294471e-05
-1.4491455126e-04	+2.3015686300e-05	+1.4281388982e-04	-8.1692100151e-05	-1.8014250973e-04	+2.7968775489e-04
+1.6158951803e-04	-2.3887024276e-04	-4.1840177355e-05	-1.4629802327e-04	+1.2358409062e-04	+1.8130196701e-04
-2.7496865307e-04	+2.7560012975e-05	+4.9565438270e-06	-2.5211045632e-05	+3.9062939418e-04	-1.0859179413e-04
-3.1588362904e-04	+1.9467670739e-04	+1.1877280576e-04	-6.0269275956e-05	-8.4083515814e-05	+2.9451690305e-05
-3.8989960769e-06	-1.0845533235e-04	+2.2943856840e-04	+3.8926185364e-05	-1.8954603454e-04	+1.5346844906e-04
-7.0320793038e-06	-2.4387122266e-04	+2.2961570063e-05	+6.0016541031e-05	-6.5832180023e-05	+1.1415402227e-04
+3.2463782640e-05	-1.1525049049e-04	+3.9622659763e-05	+3.3371073948e-05	-2.6210205406e-06	+4.0546614390e-06
-7.6710462817e-05	-7.6180126188e-05	+2.3236606336e-05	+1.1732541529e-04	+1.8963706441e-04	+1.3158541173e-04
-1.7233896728e-04	-2.0347443745e-04	-1.4778522575e-05	-1.0707742801e-04	+1.3188225242e-05	+1.2376740562e-04
+7.2580118913e-05	+5.7306132474e-05	-6.4936772275e-05	+8.8206104341e-05	-5.6676121662e-05	-1.1642556932e-04
+2.1521491397e-04	-1.1291849112e-04	-1.6791597396e-04	+1.0997655620e-04	-8.8612570030e-05	-6.7225590830e-05
+1.9336849595e-04	+4.0800614816e-05	-8.2218554331e-05	+2.2121488454e-04	+1.6401803610e-04	-3.0899302573e-04
-3.0295680493e-04	+2.9736146333e-04	+1.5919806280e-04	-3.4997435035e-04	+1.9738818774e-04	+2.9266780382e-04
-4.4639045900e-04	-2.4137063018e-04	+2.6334141481e-04	-1.5285625247e-05	+8.0544182324e-05	+3.3377997187e-04
-1.4468980252e-04	-3.3428250809e-04	-9.6370247529e-05	+1.7710180691e-04	+5.5026984246e-05	-1.8183068141e-05
+3.7272070140e-04	-1.6612869742e-04	-3.0641693779e-04	+3.3352888513e-04	-1.8236049210e-04	-3.2535521273e-04
+3.4802558114e-04	+1.7024246886e-04	-1.3046842590e-04	+8.9450047022e-05	-1.8512590938e-04	-2.7622638991e-04
+1.2011084428e-04	+3.9262987989e-05	+3.1697708618e-04	+2.0611134453e-04	-3.6968243402e-04	+3.8012817164e-05
+1.9374597531e-04	-1.5011939667e-04	-1.7715018900e-04	-9.2128220431e-05	+4.7849024943e-05	+1.7897650208e-04
+4.1353528881e-05	+1.3495418117e-05	+1.4382287569e-04	-1.7594811372e-04	-1.7392943486e-04	+1.4048062794e-04
-3.6663466005e-05	-1.8675849264e-04	-3.3738235543e-05	+2.0649098555e-05	-1.9385297493e-06	+2.8129373179e-04
+9.6348822695e-05	-9.2929040427e-05	+1.0715257141e-04	-1.9937204685e-04	-6.0815860517e-05	+3.7778285468e-06
-1.1652130678e-04	+2.1696402785e-04	-5.6289557908e-05	-1.2447180159e-04	+6.1385959984e-05	+1.0906341886e-05
+1.2877649353e-04	-6.8522223550e-05	-4.0902623224e-05	+2.5021198271e-05	-7.7091384055e-05	+5.5102061351e-05
+1.2561614993e-05	-8.3581877442e-07	+3.3561554032e-05	-3.2455781685e-05	-3.0470227574e-04	+9.4344784152e-05
+5.2389552258e-04	+6.5626823822e-06	-1.0467980183e-04	-2.0101831195e-04	-1.9545797826e-04	+1.4482370281e-04
+2.6771285546e-04	+1.3113935317e-04	-2.5984915338e-04	-1.0132182789e-04	-4.9279285691e-05	-6.2769682197e-05
+3.0539387240e-04	-1.6558355506e-04	-4.6001495794e-04	-2.9217715756e-05	+7.5352135910e-05	+1.1463635401e-04
+2.0923526321e-04	+6.1328886697e-05	-9.5611223502e-05	+1.9317856010e-04	+1.3742239160e-04	-2.3786356377e-04
-1.4284815243e-04	+1.8306635685e-04	+3.5401809763e-04	+4.0482251052e-05	-3.5852342464e-05	+3.1721067984e-04
+9.6180451594e-05	-5.9752069553e-04	-3.3069114674e-04	+9.3423086611e-06	-4.5052649566e-04	-2.1516875939e-04
+1.4592732939e-04	+7.2289670903e-05	-1.1250919329e-04	+2.7631226994e-04	+7.8877542290e-04	-8.6844918902e-06
-2.8398113459e-04	+4.2225302919e-04	+3.1929869607e-04	-5.7938034531e-05	-1.1683064330e-04	-4.9544685212e-04
+7.3139270713e-05	+3.3290102201e-04	-8.9651537058e-04	-1.9322662918e-04	+4.0543862358e-04	-3.7416621292e-04
+7.8697018768e-05	+3.2540134083e-04	-1.3749820248e-04	-1.6693104008e-04	+3.5071352840e-04	+5.9380363817e-04
-2.2120144622e-04	-3.3240375256e-04	+4.1263476035e-04	+3.1274450974e-05	-1.4717592782e-04	-5.7068563010e-05
-1.3095628401e-04	+1.0968477768e-04	-1.6741343051e-04	-3.3224710793e-04	-3.3937769135e-04	+1.6004442778e-04
+6.2025931311e-05	-5.1400177019e-04	+7.2909536015e-04	+7.5208026361e-04	-6.0569774511e-04	-3.1717700453e-04
+4.0897024577e-04	+4.3252446283e-04	+1.2925201786e-04	-5.5174961386e-04	-4.7393405193e-04	+8.1762222348e-04
+5.7664714001e-04	-1.1040805611e-04	-1.9015446037e-04	-1.1050230724e-03	-5.4035254072e-04	+4.7846568708e-04
+1.7424358056e-04	+5.8884040403e-04	+2.4878539083e-04	-1.2653337781e-03	-4.1251949210e-04	+7.8721743891e-04
+1.2173682789e-04	+2.9837379364e-04	+6.4229845596e-04	+1.1880557631e-05	-4.7618486079e-04	-5.4004635056e-04
-9.5621173517e-05	+4.4670580026e-04	+1.4170657198e-04	-2.7170268332e-05	+1.3905266040e-04	-5.8929106872e-04
-3.0550082873e-04	+6.0526177666e-04	+2.5655354063e-04	+1.8918047048e-04	+1.6714305899e-05	-1.0542312885e-03
-1.5266825863e-04	+1.4708018188e-03	+3.4446631842e-04	-3.1165913266e-04	-2.5398092829e-04	-8.4420600568e-04
-9.3906524250e-05	+8.4065501755e-05	-1.2065098220e-04	+1.7479263600e-04	-2.7074104129e-04	-1.5676606504e-04
+2.1043302457e-04	+8.7242513811e-04	+1.0855052626e-03	-3.9952318593e-04	-5.1741513785e-04	-5.6567298312e-04
-1.1235245944e-03	+8.6505898654e-04	+1.1706240909e-03	-5.9599702758e-04	-1.2256641927e-04	+3.7010414416e-05
-6.9709809181e-04	+3.1395116318e-05	+7.7661754198e-04	+5.0413359042e-04	-4.2233337394e-04	-1.0819613957e-03
-1.8922750959e-04	+2.8259013828e-04	-3.9221920488e-04	+6.1434116491e-04	+1.3953880604e-03	-4.2138756764e-05
-5.8190545794e-04	-3.4305839334e-04	-5.6523585240e-04	+6.6014013174e-05	+7.4171690595e-04	+5.9835485629e-04
+1.9034793272e-04	-8.5114533884e-04	-1.1592321252e-03	-8.0979409416e-05	+5.6224289393e-04	+6.4882766649e-04
+1.7415403758e-04	-3.0763945794e-04	+9.4647848606e-05	+3.8762071037e-04	-1.6706415338e-04	-2.5732228293e-04
-2.0732609349e-04	-7.5524917048e-04	-1.1072890222e-04	+5.2778133233e-04	+2.5564974932e-04	+1.9586253072e-04
+3.3315988587e-04	+6.1492889693e-04	+3.0831309191e-04	-5.0177736153e-04	-1.1764957433e-03	-5.3693103371e-04
+7.5603105087e-04	-1.3269718630e-04	-3.8152761568e-04	+9.2863876043e-04	+3.4755061705e-06	-5.5605834689e-04
+4.3148461707e-04	+3.4571306405e-04	-3.9263766601e-04	-4.4118294766e-04	+4.3569817942e-04	-7.0523074022e-05
-6.8144965119e-04	+5.3233654660e-04	+8.0265987593e-04	-3.2709363163e-05	-6.1044386463e-04	-5.0455196103e-04
-5.6546080697e-05	+3.5087491618e-04	+5.1867219859e-04	-2.9062189388e-04	-3.3633238623e-04	+3.8843501309e-04
-2.3425589200e-05	-9.9425964330e-05	+2.4540507956e-04	+6.7145788742e-05	-1.2587715580e-04	-1.0687885713e-04
+1.4132020739e-04	-2.6754387783e-04	-1.5515175081e-04	+4.7082868134e-04	+5.6468564770e-05	-5.8834986710e-06
-1.2993912886e-05	-7.1887601797e-05	-2.3976736646e-06	-2.8441458245e-04	-5.2860974740e-04	-2.3073189294e-04
+6.4470524332e-04	+3.4270055049e-04	-5.0690309491e-05	+1.6965054739e-04	-3.4371972677e-04	-2.2574210801e-04
+5.2564944086e-04	+3.7287987229e-05	-3.2336219755e-04	+3.3017217539e-04	+1.4998717688e-04	-1.7263811904e-04
-3.8173253037e-04	-1.7658113118e-04	+4.1165147307e-04	-4.5942730058e-05	+1.0388156513e-04	-7.3310090122e-05
-7.0124926688e-04	+4.8152070987e-04	+7.4858266635e-04	-2.5649837226e-04	-5.3660412966e-04	-2.0292022643e-04
+2.8779800780e-04	+4.9630380190e-05	+1.2140934523e-04	+1.1455353443e-04	-2.6047841623e-04	+1.3659849765e-05
+1.9511269976e-04	+3.5146905419e-04	-9.0739210855e-05	-3.5547172382e-04	+2.1387462192e-04	+7.9282108135e-05
-2.4846349112e-04	+6.2536820224e-05	-2.0252520314e-06	-4.9342654673e-04	-2.4810864233e-05	+4.2724955304e-04
-2.1450669936e-05	-1.0894918951e-04	-3.3424240335e-05	-3.2690634589e-04	-1.0096297533e-04	+4.6341234670e-04
+3.5093524530e-04	-1.3732737730e-04	-1.2878260320e-04	+3.1686305816e-04	+1.8923409429e-04	-2.6708095957e-04
-1.8351007655e-04	+9.1008865039e-05	-6.6265743078e-05	-2.0357108763e-04	+1.6780031666e-05	-4.0164266805e-05
-1.5313241241e-04	-3.8313453387e-05	+7.0578229876e-05	+3.3597064255e-05	+7.5696835516e-05	+2.1966595616e-04
+3.2020012464e-04	+1.7637977265e-04	-1.1729594319e-04	-3.4173443563e-04	-6.1268700485e-04	+4.8095063121e-05
+5.1594839206e-04	-2.4176573883e-04	-1.3720687058e-04	+1.8730330985e-04	-4.8940518365e-05	+3.4189494361e-04
+3.8518598145e-04	-7.9362372949e-05	-7.9369237451e-05	-7.1656666380e-05	-2.6843178142e-04	-8.0374072064e-05
+1.6339759604e-04	-1.5164305504e-04	-3.5223589625e-04	-2.5227862687e-05	-6.4092786739e-05	-1.2581455209e-04
+5.1582914954e-04	+3.7241726891e-04	-3.4707128425e-05	+9.1773525311e-05	-5.2209471095e-05	+1.2380974906e-04
-7.1054987925e-05	-4.9849867503e-04	-9.7465410173e-05	+3.5553684187e-04	+3.1618342309e-04	-2.3529003227e-04
-1.9762921532e-04	+1.9729214813e-04	-4.5066073902e-05	-6.1782538631e-05	-1.3680906396e-04	-2.3436680124e-04
+2.3363398593e-04	+2.0393185251e-04	-2.1268902641e-04	-1.6514116648e-04	+4.1570328485e-05	+1.2070690633e-04
-1.3046871567e-04	+8.4356927678e-05	+3.5204310455e-04	-3.3710784717e-04	-1.3096676964e-04	+4.8018762991e-04
-4.0322355214e-05	-2.4691391218e-04	+9.3844752433e-05	-7.4355779844e-05	-2.7054393808e-04	+3.3095245773e-05
+1.1637701895e-04	-1.2972318551e-05	-8.7827561969e-05	-2.7237899941e-05	+1.3556121365e-04	-1.6841592084e-05
+1.0024428916e-04	+3.5569542491e-04	-1.8357758518e-04	-5.6328497763e-04	+2.9993388045e-05	+3.6190805430e-04
+1.2820164722e-04	+1.7916232756e-04	+7.2349952373e-05	-1.3377958826e-04	+1.0150449452e-04	-1.0481659922e-04
-2.2298877333e-04	+2.0452788855e-04	-9.4208063779e-05	-2.4909540007e-04	+1.1894688719e-04	+7.9895643422e-05
+1.7735038949e-04	+2.2522818924e-04	+7.9515026868e-05	-8.4905037680e-05	-3.6241368905e-04	-8.8399913250e-05
-4.8957649858e-05	-4.1941000076e-04	+4.4999500130e-05	+5.0178844604e-04	+1.1508502443e-05	-1.0638921232e-04
+1.6627401584e-04	-1.7848287023e-04	-3.4928586606e-05	+8.0211840862e-05	-8.7340073557e-05	+2.0328166810e-04
-2.6604870393e-05	-2.5842853070e-04	+1.7071838004e-05	+5.4981391134e-05	-5.6362572307e-05	+9.0895053609e-05
+1.1797977778e-04	-1.3748245414e-04	+5.5333005376e-06	+2.3074547693e-04	+8.3959691192e-05	+8.3783143085e-05
+2.7595317149e-05	-1.6241252531e-04	-1.0399397934e-04	+1.3111564314e-04	+1.4952956507e-04	-1.7120986065e-04
-1.8325330604e-04	-1.4841345010e-04	-2.1636151216e-04	-3.9213125178e-05	-5.0424482920e-05	+1.4246877572e-04
+1.9591436950e-04	+1.0541790575e-05	+3.0374771765e-04	+1.9144367407e-05	-2.0482557583e-04	+4.4598730709e-05
-1.6360796132e-04	+9.4646208126e-05	+3.2682967262e-04	-7.3503255075e-05	-1.3344824451e-04	-5.0474924423e-05
-1.7137337873e-04	-9.6194044876e-05	-1.3745628911e-05	+9.0606948421e-05	+2.0723560993e-04	-1.0143361215e-04
+1.9268093407e-05	+3.3333842494e-04	-1.7808589024e-04	-3.3098654721e-04	+4.6590571939e-05	+1.7043158603e-04
+1.6715264289e-04	-1.6501509909e-04	-1.1479618986e-04	+2.1584976040e-04	-1.0744993447e-04	-4.3476318915e-05
+2.7042766381e-04	-2.6034752459e-05	-1.9556580330e-04	-1.6842490604e-05	+8.5155240995e-05	-2.1569221970e-04
-1.5024856961e-04	+1.0931499153e-04	-1.2648007776e-04	+8.7154873663e-05	+2.1500718404e-04	+1.0080870992e-04
+1.2362152483e-04	-9.0641777910e-05	-1.5953486069e-04	-1.3281747957e-05	+7.2400505109e-05	-4.7044995108e-05
-1.0541234851e-04	-1.5030157259e-05	-3.5524328536e-06	+9.2491638502e-05	+1.7430534528e-04	+1.2293316217e-05
+6.8907857154e-05	+5.8967294365e-05	-4.0084896710e-04	-2.1158414119e-04	+2.0576309004e-04	+7.8225632805e-06
+7.4280681471e-05	+7.7968704944e-05	-5.0365901187e-05	+2.0542576701e-04	+1.8660091605e-04	-1.4310632357e-05
+5.1282796193e-05	-6.5516448589e-05	-4.5674218013e-04	-1.7881190622e-04	+1.9121711236e-04	+2.1670187285e-05
+8.4381846081e-05	-3.8092794980e-05	-2.2820824566e-04	-5.1258134190e-05	+1.5488682256e-04	+2.9363213717e-04
+5.3480207531e-05	-1.5603269780e-04	-2.0259035651e-04	-1.4001447893e-04	+2.6161500717e-04	+9.2834430936e-05
-5.5785850586e-05	+1.3224795980e-04	-4.1040380135e-05	+1.9690536922e-05	+3.5103362188e-06	-2.0808028988e-04
-1.9272377043e-04	+8.4994264347e-06	+2.7310722118e-04	+1.4220571247e-04	-1.5299225309e-04	-2.4627687834e-04
-1.1736635124e-04	+2.0073814545e-04	+2.0650247269e-04	+4.5863383553e-05	-3.6446076526e-05	-7.5260008169e-07
+1.9274814311e-04	+5.3314898489e-05	+1.2087844333e-05	+6.6143424800e-05	-2.8963829785e-04	-2.1723942231e-04
+1.1392167556e-04	+1.9444306138e-05	-6.4299652237e-05	+2.2278642709e-05	+3.4694320120e-05	-1.6877966873e-04
-1.0321126513e-05	+3.3719862022e-04	+9.0449161704e-06	-1.2682836158e-04	+1.9168241115e-05	-7.7432321856e-05
-1.1865168468e-05	+4.4602863075e-05	+1.1730804879e-04	+4.5592905817e-05	-1.4517015903e-04	+1.7528258453e-05
+6.6918930605e-05	-2.3249001988e-05	-2.7541346140e-06	-1.2600954538e-04	+4.9959003617e-05	+1.8938942684e-04
-1.3715088081e-04	-2.3952208802e-05	+5.8181927098e-05	-1.4373333447e-04	+5.1138137165e-05	+1.7830778019e-04
+9.6487760387e-06	-2.5306224635e-04	-1.0866837001e-04	+2.2491498499e-04	+5.1675303322e-05	-5.4334985739e-05
-2.6920822826e-05	-1.2419096692e-05	+9.3379295464e-05	+8.4835722038e-06	-1.1158555053e-04	-2.1393728541e-04
-3.0024429207e-05	+1.4955296509e-04	-2.5266893035e-05	+4.6928857413e-05	-9.4993558553e-05	-9.9825673707e-05
+2.7886864201e-04	-9.1352282902e-05	-1.3019355224e-04	+2.9209654345e-04	+3.4531400518e-05	-2.2819711595e-05
+7.5082455285e-05	-1.0767118471e-06	-6.0429435334e-06	-1.3894929434e-04	-1.1725953499e-04	+7.6189431717e-05
+7.3990622527e-05	-7.2747886321e-05	-2.0542936629e-05	+1.3691296088e-05	+7.7644488096e-05	+1.0455534124e-04
-1.3617086022e-04	-1.3849927043e-04	-5.8378112276e-05	-3.0234316983e-05	-2.2363823100e-05	+1.5952621169e-04
+2.1140573221e-04	-1.1300746401e-04	-7.2642060240e-05	-1.3025189097e-05	+1.5491200789e-04	+1.9319369276e-04
-2.1306537436e-04	-5.7174052285e-05	+1.2282690643e-04	-1.7856820285e-05	+7.6893163955e-06	-8.0549680457e-05
-1.9957321765e-04	-1.3188309136e-05	+1.7312214102e-04	+7.9587262010e-05	-1.2164803772e-05	-2.6660796855e-05
-2.5655276540e-05	-4.5645711593e-05	-2.4482985596e-05	-1.2655442120e-05	-1.2478877324e-04	-1.2043711119e-05
+1.6389231048e-04	+8.9035845133e-05	+1.5593781564e-06	-3.9320952213e-05	-6.9485355600e-05	-8.6341525990e-05
+1.5347333955e-06	+2.0082131161e-04	+2.1619465317e-04	-1.2762039599e-05	-1.1920642843e-04	-7.7652616791e-06
-9.8604955737e-06	+4.8778874084e-05	+8.0825678578e-05	-1.1774300465e-04	-7.8770945015e-05	-9.4360827378e-05
-9.0943398150e-05	+2.9402023527e-05	-2.5758616027e-05	+9.0449942979e-05	+2.8235284640e-06	-7.8953486279e-06
+8.7155576721e-07	-1.6840639804e-04	+1.7939840106e-04	+1.4711769680e-04	-7.8033621287e-05	+7.8955490693e-05
-1.2014122490e-05	-1.7440074752e-04	-8.4004801192e-05	+1.3818582002e-04	-4.7074369133e-05	-7.4849836215e-05
+2.0496796935e-04	-5.5042966256e-05	-2.2708744776e-04	-3.6738370539e-05	+1.7717134132e-05	-2.4421716181e-05
+1.1193630605e-04	+1.7675767660e-04	+2.4131714603e-05	+2.0434946336e-05	-7.6113003579e-05	-1.0701298266e-04
+9.8777478447e-05	+7.2411889185e-05	-2.6898372714e-05	+3.4457333925e-06	+6.5750880212e-05	+4.6662242736e-05
-8.3555109766e-05	-7.4326812476e-05	-4.6347124681e-05	-6.2672024980e-05	-4.7803613305e-05	-1.2752892195e-05
+2.0530338130e-04	+1.6051065250e-04	-1.9057761830e-04	-1.6943132721e-04	+7.9925833287e-05	+4.3753028405e-05
+6.3240525912e-05	+1.3303556759e-04	-7.9690296132e-05	-6.6976091083e-05	+1.7945162340e-05	-1.1309240846e-05
+7.9037770234e-05	+5.8876842569e-05	-1.0446791327e-04	-1.1602574078e-04	+8.3687938574e-06	+1.8298567599e-05
+5.3351510941e-05	+8.6950015157e-05	+3.7702206578e-06	-7.3628171551e-05	-1.0161817220e-04	-3.8489135677e-05
+1.2271061554e-04	+1.1172377599e-04	-2.5824667861e-05	+3.2874144531e-05	-6.4107728772e-05	-1.7714485499e-04
+6.3393374513e-05	+1.1983727073e-04	-4.9851875672e-05	-1.0631817607e-04	-3.7428383167e-05	+5.6091356259e-05
+1.0745923111e-04	+9.6297871852e-05	-1.5850416626e-05	+1.8511508054e-05	+2.1286180524e-05	-1.5565770769e-04
-1.3905108877e-04	-1.8810602564e-05	+6.5106914696e-05	+5.4115719590e-05	+3.2022942991e-05	+3.5399571285e-05
-8.4079932919e-05	-8.7811664251e-05	+2.0937381606e-05	+8.1786228674e-05	+3.2486168160e-07	-1.1036232448e-04
+5.7640085616e-05	+1.4480515529e-04	-6.4068014293e-05	-1.4811715757e-06	+1.3295407887e-04	-7.3849745056e-05
-2.3573276277e-05	+3.7158653998e-05	-1.4636376217e-04	-7.3135387440e-06	+9.5762486585e-05	-4.9552156793e-05
+4.2022343330e-05	+9.6886663231e-05	-5.4412541026e-05	+7.4419532918e-05	+4.4294160847e-05	-8.8741389155e-05
+3.7225487639e-05	-6.2010838859e-05	-1.2290883380e-04	-1.0790513246e-05	+1.5916413375e-04	+1.0729382911e-04
-1.4666119121e-04	-1.1690447077e-05	+5.4047695656e-06	-1.1185852904e-04	+6.5783444919e-05	+6.2529392560e-05
-1.1758720620e-04	+6.8117914418e-06	+1.3780713661e-04	+9.1658270413e-06	-2.7028749159e-06	+9.0198025589e-06
-8.3011202443e-05	-1.0802452147e-04	+4.8640827211e-05	+1.1322809865e-04	-4.9932843640e-05	-4.6738762633e-05
-3.2845995532e-05	-1.1348915468e-04	-4.6043525781e-05	+1.0318719719e-04	+1.6240860596e-04	-4.9287708664e-06
-1.1361156317e-04	+7.9649474276e-05	+1.4148741172e-04	-3.3326425503e-05	-5.8823338767e-05	-1.6759192253e-05
-7.9997171146e-06	+6.5858260391e-05	-4.4140896387e-05	-1.8636686033e-04	-5.9464678907e-05	+1.1726772040e-04
+1.3503983822e-04	-8.4712065396e-05	-7.4263445983e-05	+1.0606797600e-04	+9.7796928522e-06	-3.9255528224e-05
-2.1381624605e-05	+5.1862058411e-05	+7.4399994531e-05	+6.6820756235e-05	+1.0037755109e-04	-1.0571513078e-04
-1.2747323219e-04	-1.4894090059e-05	-9.8746180677e-05	+2.8413255390e-05	+8.1176241539e-05	-1.1387543531e-04
+9.4254607675e-06	+2.1826759861e-04	+6.7414456152e-05	-5.7380702838e-05	+4.0380645910e-05	+4.4704859059e-05
-3.3495480669e-06	-4.8607837532e-05	-1.0793213916e-04	-7.7614198481e-05	-2.8923007092e-05	-3.4397040785e-06
-5.1395384328e-05	-7.9065609623e-05	+7.7026295075e-06	+5.9335475988e-05	+8.7415860251e-05	+7.5305766603e-05
-6.8882982968e-06	-4.6429820832e-05	+4.4369477886e-05	+1.3179334790e-04	-4.6357982793e-06	-6.5952982465e-05
+2.4749474314e-05	-5.9872887233e-05	-9.8952346507e-05	+2.4496948447e-05	+4.0242816068e-06	+1.9688939751e-05
+5.9243385900e-05	-7.6324215314e-05	+3.6908026428e-06	+8.6963174218e-05	-8.9330191565e-05	-8.1690697921e-05
+5.8193440802e-06	-3.4968219119e-05	+6.2892851822e-05	+2.0970643676e-05	-4.3370397828e-05	+9.2120896117e-05
-6.4659677929e-06	+2.2152727160e-05	+6.4209964998e-05	-1.5167589227e-04	-1.2226058762e-04	-3.8006536574e-06
-1.1905575415e-05	+3.0023689054e-05	+1.8246887889e-05	+4.9356299348e-06	+1.5535638126e-04	+5.9938353098e-05
-7.6750986634e-05	+7.2014385474e-05	-3.5204210676e-06	-5.5865632708e-05	+6.0826156124e-05	+1.6150033420e-06
-4.5841817930e-05	+2.5015585462e-05	+5.2588195810e-05	-4.2676171952e-05	-2.1202384204e-05	+1.2009351193e-05
-4.4343704690e-05	-3.0543183183e-05	-4.9134432289e-05	-2.3360224707e-05	-2.5170540053e-05	+1.0131602002e-05
+8.0570154996e-05	-5.5541234168e-06	+1.8142973845e-06	-6.1759626591e-05	-8.7428652440e-05	+1.0063068048e-04
+9.7963737564e-05	+5.1740620461e-05	-5.6499592123e-06	-4.3512757610e-05	+8.4043996153e-06	-5.7738806403e-05
-5.0953755464e-05	+3.3556773162e-05	+9.7131232993e-05	+9.2840840068e-05	-5.9313142078e-05	-2.9032116374e-05
+5.8560340266e-05	+6.4935770356e-06	+2.3005188136e-05	-7.8595840662e-05	-9.3387805450e-05	+5.8978496045e-05
+4.7906975107e-05	-1.5348216547e-05	-5.0766499411e-06	-5.2577253405e-06	-7.3631126207e-05	+3.0360413985e-05
+9.9437161417e-05	-8.7804034649e-05	-1.1891822345e-04	-2.1661204486e-05	-1.1936214466e-05	-1.9191300116e-05
+7.2291173183e-05	+1.4121956171e-04	+5.6675971810e-06	-4.7155071355e-05	+3.3270511480e-05	+1.5938495441e-05
+2.5301079517e-05	+1.3939375474e-05	-1.1883245849e-04	-5.4353746731e-05	+1.1949934371e-04	+1.1721249835e-04
+4.7810406686e-05	-1.2699624492e-04	-2.1349355197e-04	-7.4082899676e-05	+6.6195099410e-05	+1.0884277624e-04
+5.5151672596e-05	+1.6764327905e-05	+1.6903877776e-05	+9.8437843964e-06	-5.4273100242e-05	-1.0633874033e-04
-2.1757442030e-05	+2.2078388900e-05	-5.2335183420e-05	-3.4797346661e-05	+1.0786786387e-05	-5.6445072589e-06
+7.3164729057e-05	+5.1664660803e-05	-6.8061875356e-06	+1.1031413842e-04	+3.3799541183e-05	-4.9442003841e-05
-5.6027947341e-07	-9.4505541718e-05	-5.9923337190e-05	+1.0177863016e-04	+4.5744643885e-05	-4.8512894731e-05
+6.2413186064e-05	+7.5705119381e-05	-5.1851396385e-05	-3.4186435735e-05	-2.9049624900e-05	-1.0257672881e-04
-1.8396766973e-05	+6.5929318923e-05	+2.2906124504e-05	+1.9886293899e-05	-5.1656086839e-06	-4.4973872296e-05
-1.2182634492e-05	+7.4414455481e-05	+9.6747838412e-05	-5.4405424995e-05	-4.4323514821e-05	+8.3734017702e-05
+1.8315617136e-05	-2.2969044235e-05	-9.0201510419e-05	-7.1630508406e-05	+9.0950581139e-05	+5.0703649537e-05
-1.1470484804e-06	-5.6686211830e-05	-8.8206204423e-05	+6.9866520148e-05	+1.1506381993e-04	+1.9986248610e-05
-6.4070970352e-05	-5.9153388722e-05	+5.6824874272e-06	+6.4903688080e-06	-3.4452629910e-05	-6.0802410863e-05
-2.7741778453e-05	+2.3888692985e-05	+2.0412060255e-05	+3.4948191658e-05	+2.6178993815e-05	-9.1864657486e-05
-4.0163465442e-05	+9.2965744078e-05	+5.2676544373e-05	+1.2331155729e-05	-1.8575503170e-05	-5.7494058584e-05
-8.2808719727e-05	-3.7180300115e-05	+7.6548857940e-05	+7.0286677132e-05	-4.1970122823e-07	-6.0247381988e-06
+2.3840979763e-05	+4.5470268419e-05	-8.4901427576e-06	+9.3888368973e-06	+1.1029403497e-04	+2.6597272005e-05
+2.8572473296e-06	+4.4386037115e-05	-4.5234891245e-05	-4.1629377874e-05	+4.7607280269e-06	-4.1929259104e-05
-1.0131984329e-04	-2.6909093044e-05	+5.1887924035e-05	+8.2692515525e-06	-3.8467967169e-05	+1.0405300965e-05
+5.3088063621e-05	-1.7730952100e-05	+1.4104034681e-05	+5.0950724309e-06	-4.0528137540e-05	+4.4143645445e-05
-4.5260921511e-06	-3.8400802785e-05	+3.0236078333e-05	-4.1705932958e-06	-9.5142637088e-05	-7.8755560556e-05
+2.1956452828e-05	+6.1837854857e-05	+7.2171991701e-05	+6.0274135539e-05	+2.3901055621e-05	-9.9412425145e-05
-1.6573464641e-04	-1.1086714463e-05	+6.0671461537e-05	+3.5237992080e-05	+5.0730929273e-05	+2.2257087767e-06
-9.3562192850e-05	-3.9113797518e-05	+7.1160505878e-05	+1.0633360655e-05	-2.6106652319e-05	-3.2151011996e-05
-3.5069706564e-05	+8.4011571754e-05	+9.6158576137e-05	+1.4872662735e-05	+2.3384814021e-05	-3.4839914519e-05
-3.7731991721e-05	-1.8821486018e-05	-6.2751733671e-05	+2.5036227860e-05	+6.8367131837e-05	+6.5282963584e-05
+2.1941971376e-06	-7.1894529680e-05	-1.8875632801e-05	+2.6983911234e-05	-2.2124088340e-05	-6.3194685275e-05
+2.5264377985e-05	+5.6255454859e-05	+4.0988360116e-05	+3.2882650686e-05	-3.7531307832e-05	-4.2622060703e-05
+1.9313109622e-05	+5.0538470826e-05	-1.2908893645e-05	-5.9856663844e-05	+3.2401826144e-05	+6.1717821954e-05
+3.7919106857e-05	+3.5752728694e-05	-2.7917005905e-05	-5.0079253350e-05	-3.6979302086e-05	-5.8508943717e-05
-1.1229778031e-05	+9.7258639738e-05	+6.3324308994e-05	+4.6799625135e-05	+3.0916786249e-05	-1.7849540250e-04
-1.4754593744e-04	+6.1858865885e-05	+9.8651651076e-05	+3.0639275025e-05	-1.9133961854e-05	-2.7666647801e-05
-4.0457097266e-05	+6.7964004239e-05	+4.8378777205e-05	-7.3537832309e-05	-5.7694421012e-05	-2.4463205212e-05
+9.9616264432e-06	+7.2316330254e-07	+4.2369850025e-05	+5.3216869735e-06	-3.4325321123e-06	+1.0218675598e-04
-1.4393158266e-05	-7.0522259404e-05	-6.2284027557e-05	-7.0976445750e-05	+3.8636737198e-05	+4.6467529242e-05
+4.0297056853e-05	+1.8479392677e-05	-2.6640838306e-05	-1.8854887992e-05	-1.6687916232e-05	-3.8810085268e-05
-8.9296273590e-05	+1.6796498426e-05	+8.3263974983e-05	+1.3423251391e-07	+1.7737792610e-05	+1.3106243522e-05
-5.4565068920e-05	-2.6553785621e-05	+4.0488376680e-05	+6.5759912671e-05	+6.0093721772e-05	-1.7198310876e-05
-6.0515785447e-05	+1.6798722269e-05	+2.0183918436e-05	-5.8649163545e-05	-5.3869776591e-05	+4.3534339767e-05
+1.0261851981e-04	+1.0986428563e-06	-8.0959209506e-05	-2.9564782564e-05	-4.6741837760e-06	+7.4082236247e-06
+4.4814281851e-05	-1.9971350065e-05	-8.8591309117e-05	+4.2247933592e-05	+1.0684884207e-04	-8.3804704459e-06
-2.1139219451e-06	+2.7122241074e-06	-3.2199205422e-05	+3.5209775800e-05	+1.8641906518e-05	-7.3697981203e-06
-9.4396725773e-06	-5.3117973422e-05	+1.6690384816e-05	+7.0727173216e-05	+2.8099761943e-05	-1.1869485320e-05
-4.6273862307e-05	-5.9737001356e-05	-5.9718738367e-05	-4.8917911398e-06	+8.3414988414e-05	+3.0308970542e-05
-9.5658062744e-05	-2.1596267542e-05	+7.6812555703e-05	+5.9125553918e-06	-2.6901555765e-05	-3.4812165831e-06
+5.7831230127e-05	+9.0674595488e-05	-3.2181417389e-05	-5.7985048645e-05	+3.2111836033e-05	-3.2951218285e-05
-1.5493708435e-05	+9.8615465133e-05	+1.6472125463e-05	-7.6826223523e-05	-6.1169908793e-05	+2.4320811916e-05
+5.6960177297e-06	-6.0776878942e-05	-2.5184784972e-05	-7.1212271780e-05	+2.1062977348e-05	+9.0678597085e-05
-6.4454144505e-05	-7.5599211434e-06	+9.2487955925e-05	+3.7125289802e-05	+2.8106456931e-05	-1.4036476793e-05
-6.1592855099e-05	+2.9897966505e-06	+6.0471533861e-05	+3.8618936955e-05	-3.2471040996e-05	-5.3231482335e-05
-1.9515030928e-05	+1.1385812527e-05	+7.1991608641e-05	+6.3310719170e-05	-9.2064226585e-06	-2.1399726748e-06
+2.6333295366e-05	+4.5119165382e-06	-2.4318464965e-05	-6.2070172804e-06	-1.4916186594e-05	-6.1048894230e-05
+8.7988471330e-07	+3.7081931538e-06	-5.6410103482e-05	-5.8239356296e-06	+2.3650597900e-05	+2.5420140081e-05
+2.1704452674e-05	+3.5571546749e-06	-7.6275720415e-05	-9.2569301639e-05	+3.9088010495e-05	+4.8255131831e-05
+9.9349547167e-06	+1.6523181594e-05	+2.1072155279e-05	-7.9599375261e-06	-7.8967238629e-06	+7.1310314823e-05
+8.3301839480e-06	-2.9349355029e-05	-4.2917956491e-05	-8.2669898072e-05	+3.4161903395e-05	+4.7903289909e-05
+2.0894458775e-06	-1.2059067598e-05	-2.6816554479e-06	+1.6840354623e-05	-4.6094035071e-05	+3.3720842906e-05
+7.2980008770e-05	+5.3634308900e-07	+4.7829408404e-06	-2.2088683813e-05	-2.7920746967e-05	-2.9205405473e-05
-2.0581883377e-05	+6.4355716807e-05	+2.2276046138e-05	-2.7628542380e-05	+7.2335780683e-06	-1.0012747464e-04
-7.5446921892e-05	+6.1675092043e-05	+5.5506922300e-05	+2.8714335523e-05	-2.7098502539e-05	-3.1527186557e-05
+5.9680516596e-05	+4.4993195299e-05	-4.9990519348e-05	-1.9971956767e-05	-1.2211165390e-05	-4.0722392381e-05
+4.4677135637e-05	+1.7701354740e-05	-5.6403469507e-05	-6.2418581965e-07	+2.8656648981e-05	+3.0227190609e-05
-1.6893623541e-05	-5.2714387043e-05	+2.5217953931e-05	+9.1905341739e-06	-1.6366987738e-06	+3.7268300388e-05
-1.7224644908e-05	+1.2278628161e-07	+2.6318107615e-05	-4.5199022897e-05	-5.8765983239e-05	+5.4951569942e-05
+8.3517275076e-05	-1.5724655538e-05	-1.5423872592e-05	+7.3996345963e-06	+5.6377733882e-07	+2.4055804183e-05
-2.8939864794e-05	-6.0601444084e-05	+1.5757140428e-05	+7.4307992825e-05	+2.8786176661e-05	-7.0465475484e-05
+2.3158213670e-06	+7.8700009781e-05	+1.2264009887e-05	+1.1353249096e-05	-9.3230068403e-06	-4.7907466134e-05
-2.8234806880e-05	-6.3802159956e-06	+1.2518420213e-05	+1.4587040165e-05	+2.8722802157e-05	+3.4668427440e-06
-3.9758450851e-05	+7.9366407305e-07	-1.4427473360e-05	-8.3874057491e-06	+4.9184666595e-05	-1.3108677372e-05
-4.1500681726e-05	-5.4535684131e-05	-2.9089988096e-05	+6.3748845160e-05	+2.2817466089e-05	-4.4737594331e-05
-8.0874291703e-05	-3.8073131861e-05	+8.0987954742e-05	+7.9100811900e-05	+3.2075474022e-05	+2.6238814258e-05
-1.6967000749e-05	-7.8002873318e-05	-5.4021634680e-05	-3.3992827505e-06	+1.8237952813e-05	+7.3144194368e-05
+4.9805809770e-05	-3.1729450593e-05	-2.1870603523e-05	+1.7280231800e-05	+1.1321235704e-05	+6.1994095700e-06
+1.2825663247e-06	-5.6653315975e-05	-9.7996267853e-06	+9.0826586238e-05	+5.5966449000e-05	-1.1878227955e-05
-6.5350984846e-05	-2.0048805127e-05	+3.0401800179e-05	-6.5723710379e-05	-6.3131410300e-05	+1.5853183195e-05
+4.7687258761e-06	+1.4115428065e-05	+3.8154442355e-05	+3.3166691221e-05	-3.5034949378e-05	-4.0182187288e-05
+1.8706660214e-05	-3.8724987208e-05	-1.3703030892e-05	+4.9431009251e-05	+3.4982188778e-05	-2.8653251607e-06
-4.3770540879e-05	+3.2884161725e-05	+7.4901452434e-05	+6.6407641470e-05	+3.1877668828e-05	-9.2068739537e-05
-5.3388379350e-05	+3.3263672560e-05	-1.8776633515e-05	+8.0529191136e-06	+3.5320924616e-05	-4.1356755188e-05
-4.7468778666e-05	+2.7370840061e-05	+3.7489703568e-05	-3.4955758508e-05	-5.6636897322e-05	+4.3292767542e-06
+4.5842281868e-05	-2.2368337719e-05	-6.0824291784e-05	+2.3992828978e-05	+7.1508592978e-05	+7.1254043690e-05
-6.9096114010e-06	-8.7657485366e-05	-8.0124932463e-06	+3.5369018359e-05	+1.6955288866e-05	+5.6095508517e-05
+4.5658318760e-05	-2.3630174520e-05	-3.9192241281e-05	-1.4222485763e-05	-7.4025276363e-06	+6.7282446793e-06
-1.6134568318e-05	-1.6620219764e-05	+1.5234858088e-05	-1.8815621751e-05	-4.4238559609e-05	-7.5999792726e-06
+3.3400728093e-05	-1.0726230773e-05	-1.5474997910e-05	+7.2311070158e-06	-1.7213140078e-05	+3.2093466542e-05
+2.6010720427e-05	-2.7774607154e-05	-4.4029661482e-05	-2.9929315638e-05	+1.0879278632e-05	-8.8252111111e-07
+2.0390143741e-05	+2.5070144397e-05	-1.5238856994e-05	-8.1908541714e-06	-3.2916231106e-05	-1.7979101992e-05
+5.2696855509e-05	+5.8087921243e-05	+6.3843871513e-06	-3.9682834215e-05	-1.3591894651e-05	+2.6217361844e-06
-7.0408613944e-06	+3.4281728816e-05	+2.0465651205e-05	-5.4289284593e-05	-4.9040872015e-05	+6.1535826586e-06
+2.5805411863e-06	+1.9662043051e-05	+6.0985572137e-05	-9.9033865335e-06	-4.5820526566e-05	+3.7017504701e-05
+3.1080436742e-05	-1.7715084021e-05	+1.8933529155e-05	+6.3133805095e-06	-4.7170300281e-05	-5.0436762084e-05
-4.0692258912e-05	+2.9740413568e-05	+5.6323685239e-05	+1.1589029450e-05	+1.9807201338e-05	-1.5156367978e-05
-2.5949468290e-06	+6.6066631090e-05	+3.3952398089e-05	+1.3969969719e-05	-5.1082350934e-05	-1.0222358743e-04
-9.2607840727e-06	+3.3999422362e-05	+4.1470646152e-05	+2.4395234387e-05	-2.9503529896e-05	+1.2812744685e-05
+3.6865742634e-05	-6.3343337513e-05	-2.8417102554e-05	+1.0191398458e-04	+2.6593532184e-05	-4.9154244564e-05
-2.5473209891e-05	-1.5550547662e-05	+3.8550829644e-05	+1.3771504098e-05	-6.4733235800e-05	-2.0611088739e-05
+9.8170428808e-06	-1.8190912617e-05	-3.6196148888e-05	+1.8919512099e-05	+8.5585887231e-05	-6.5885115088e-06
-5.0082842267e-05	-1.0520379796e-05	-8.8130755124e-06	-1.2332704603e-06	+2.3784874467e-06	-1.9015032923e-07
-5.8834220375e-06	+1.9604804774e-05	+2.5685351346e-05	+3.2179366960e-05	+2.9323161413e-05	-4.2772056665e-06
+1.6410466849e-05	+2.1400074140e-05	-2.8171846264e-05	-6.3070239687e-05	-1.2129318503e-05	+4.2401392776e-05
+2.6693290735e-05	-2.6366673826e-06	-3.4460299375e-05	-3.7659744125e-05	-6.7212534132e-06	+3.2575004963e-05
+4.8165238763e-05	+2.0451687354e-05	-6.1158586721e-05	-7.9150851141e-05	+1.9140956651e-05	+5.4047447558e-05
+2.5293511111e-05	-1.1725019046e-05	-4.8494359000e-05	-3.5860736220e-05	+1.4266285318e-05	+5.1270992837e-05
+3.8406389383e-05	+4.8988818161e-06	-5.7943446206e-05	-5.3249549618e-05	+3.8892933740e-05	+3.1024179235e-05
+1.0054384864e-06	+8.3914123622e-06	+1.1680454818e-05	+1.1483940613e-05	-3.7382836662e-05	-4.5114892507e-05
+7.7581920784e-06	+4.2158657000e-05	+5.3809529509e-06	-1.9756617644e-05	+2.3619831734e-06	-8.4081842972e-06
+7.6348311432e-06	+2.0320284481e-05	+5.0001012583e-06	-1.0163294454e-06	+1.5643787898e-05	+4.3807957604e-05
+2.3058535047e-07	-6.8190571819e-05	-2.9866810734e-05	+3.0589943755e-05	-6.5004567926e-07	-3.6296224706e-05
-6.2210583365e-06	+3.3439838000e-05	-6.6274107634e-07	+7.6700922016e-06	+3.1871216222e-05	-1.0167642959e-05
-7.4939809864e-06	-6.2072402401e-05	-7.2804850529e-05	+1.1950435867e-05	-1.5595594172e-05	-3.4174348795e-05
+3.5167372403e-05	+7.3889572356e-05	+2.8280932402e-05	-2.8802943274e-05	+2.9104819545e-06	+2.2052243794e-05
+5.1325329006e-06	+3.6616713252e-05	+1.6455295650e-05	-4.1065858185e-05	-1.2404850588e-05	+6.7237621422e-05
+3.1596733196e-05	-5.6335404968e-05	-8.3718195725e-06	+1.4528935227e-05	-4.0296768550e-05	-1.9307418699e-05
+1.9771858780e-05	+6.8828204837e-07	+2.8155691902e-05	+3.2994011302e-05	-4.2612774222e-05	+1.2232264594e-06
+2.9355408939e-05	-1.8773511328e-05	+1.9335765691e-05	+6.9055854279e-07	-2.7115455316e-05	+1.1096184152e-05
-6.7296405549e-07	-4.9013090806e-06	-1.8081030709e-05	-3.4433639496e-05	+2.2456375537e-06	+1.8791720558e-05
-1.6636948764e-05	-4.4264351016e-05	+1.7820138719e-05	+3.6602697653e-05	-1.9138594253e-05	-9.1772737011e-06
+9.4354424909e-06	+1.9371249548e-05	+6.9466635399e-06	-2.4249031546e-05	-1.4214203841e-05	-5.6382957357e-06
-2.9081976271e-05	+4.2275475629e-06	+3.6736619559e-05	-2.9434918703e-05	-1.0438350383e-05	+6.4026086960e-06
-2.9122398575e-05	+4.6672188497e-05	+3.8751482121e-05	-1.2351771152e-05	+2.2502691876e-05	+8.4721583166e-06
-1.6739057627e-05	-1.4939198765e-05	-5.5830319971e-06	-1.5041474695e-06	+3.7942469436e-06	+5.0178581928e-05
+2.8006462560e-05	-3.0199647825e-05	-9.4677092288e-06	+5.1606768933e-06	+2.7462197781e-05	+2.8639429494e-05
-1.8716717545e-05	-3.4134825328e-05	-2.5967753246e-05	+2.6796926892e-05	+3.8677916079e-05	-1.5449973944e-05
-2.8007831443e-05	+2.0728486162e-06	+4.5379883839e-05	+2.6613790969e-05	-1.6754540891e-05	-1.7277384222e-05
-1.2837604465e-05	+2.7163260949e-06	-2.0493635797e-05	-4.0879956366e-05	+2.5392182093e-05	+3.2193919696e-05
-3.2249419819e-05	-3.8248256956e-05	+3.5506438978e-06	+1.3939555382e-05	-9.1821979294e-06	+1.5399333347e-05
+2.6713295461e-05	+5.5358774508e-06	+1.3107870165e-05	+1.6050023023e-05	+5.2632823296e-07	-1.6123504838e-05
-1.4278140824e-05	+1.1678657152e-05	+2.3141119502e-05	-2.5644782997e-05	-3.8921823620e-05	+1.5328664566e-06
-8.4318053976e-06	-1.4506666093e-05	+2.4861557393e-05	+3.1361080756e-05	+8.9854155674e-06	-7.1307828073e-06
-4.4683811222e-05	-2.7056560707e-05	+2.1300393946e-05	+2.0759857011e-05	+1.0625626359e-05	-1.2958511196e-05
-1.5970602960e-05	+2.3429527188e-05	+3.8108460617e-05	+6.3159739932e-06	-8.6599529959e-06	-2.9261262084e-05
-3.1938131909e-05	-1.0072128360e-06	-1.2513635536e-05	-1.2372642222e-06	+5.0678601930e-06	-6.7512433460e-06
+1.9783345625e-05	+3.9404463724e-07	-2.8315394396e-05	+6.0607095458e-06	+2.8465259046e-05	+1.8428501539e-05
-2.2309282387e-05	-5.6560883785e-05	+1.0328017475e-05	+7.1747108298e-05	+3.5107030871e-05	-3.0545362071e-05
-4.3338328059e-05	+9.9470108131e-06	+2.6342842980e-06	-5.9781460330e-06	+5.5011469770e-05	+3.2897531895e-05
-4.0312916805e-05	-4.9230830099e-05	+3.4482355576e-06	+2.1707013792e-05	-1.5002363046e-05	+1.1223680740e-05
+9.5989561572e-06	-3.7302246549e-05	+1.6407670530e-05	+4.5245981541e-05	-1.3903605360e-07	-9.8647170122e-06
-1.0691024678e-05	+1.3166558303e-06	+1.5038336792e-05	-7.5903456428e-06	-1.8757604862e-05	+3.3069743304e-07
+2.3424100708e-05	+1.1916871912e-05	+1.5124014038e-05	+9.3700328630e-06	-3.5999927336e-05	+2.6088338022e-06
-2.1109799832e-06	-7.4024674926e-05	-1.2409829092e-05	+4.5141816770e-05	-2.6917176204e-06	-9.6102840639e-06
+2.0403823950e-05	+1.0075470594e-05	+2.1671463730e-05	+2.1771721043e-05	-4.1654311441e-05	-7.4478735234e-05
-3.7677885596e-05	+3.0784391289e-05	+4.2962332893e-05	+2.9137783471e-05	-3.4943100880e-06	-3.5938559314e-05
+3.2162691393e-05	+6.2353883565e-05	-1.2615392761e-05	-5.1297351237e-05	-5.9321849765e-07	+1.1626431080e-05
-2.2851883202e-05	-3.1632609245e-05	-4.3996574765e-05	-2.7400868059e-06	+5.4537062675e-05	+4.8773963905e-05
+1.7111294021e-05	-5.8048720509e-06	-6.5156396735e-06	+4.5474721421e-06	-6.6080403704e-06	-5.9284213071e-06
-7.9564980583e-06	-3.6346993082e-05	+2.1524231145e-05	+2.0809627759e-05	-1.7928834279e-05	+1.6740962848e-05
-2.7363484233e-05	-1.5843277388e-05	+2.6713788734e-05	+7.5219268035e-06	+1.7842831743e-06	-1.7194332891e-06
+4.1748277275e-05	+1.8272409605e-05	-6.0551698206e-05	-4.4145305454e-05	-8.9752438030e-06	+2.3601777716e-05
+5.1943689255e-05	+2.5794015428e-05	-2.5265024330e-05	-3.0473977436e-05	-1.5077383832e-05	-3.0790859276e-05
+3.1536037671e-06	+3.1722189695e-05	+2.6266556938e-05	+2.6512670699e-05	-3.2823794232e-05	-2.1635235053e-05
+3.9092932368e-05	-3.2858378552e-06	-1.8103190674e-05	+2.1638857749e-05	+2.1514177360e-05	-8.3516415265e-06
+9.0040896170e-06	+1.9037372481e-05	-8.3370191309e-06	+2.0297511686e-05	-1.2104096538e-07	-1.3056567883e-05
+2.9168027378e-06	-2.3727940532e-05	+1.5574808401e-05	+1.0520100459e-05	-3.0717291494e-05	-2.9327957616e-06
+5.6793899656e-06	-1.2877589310e-05	-2.6880814128e-05	-1.9518018147e-05	-1.1965993500e-06	-1.2220048950e-06
+3.0462592650e-05	+6.1639000273e-05	+8.4574885694e-06	-3.7123800464e-05	-2.7644233562e-05	-1.4073564055e-05
+1.7314154612e-05	+2.7896637099e-05	-2.9416233378e-06	-4.9106933297e-06	-5.4325843727e-06	-1.3762957976e-05
+4.7656077143e-06	-9.1590726155e-06	-2.9198128912e-05	-2.1743995852e-05	+8.0703879360e-06	+2.9150451165e-05
-4.1319652335e-06	-2.0917050652e-05	-1.8040952548e-05	+2.1277064086e-05	+6.4577344635e-05	+1.0170693475e-05
-2.3078387413e-05	+3.1969902696e-06	+1.7062637766e-05	+2.8702291633e-06	-3.4186888253e-05	+2.8100783731e-06
+1.3915067263e-05	-4.1215810194e-05	-2.3983957996e-06	+1.4583322947e-05	+3.6447710545e-06	+5.2897886472e-06
-3.3031384641e-05	-8.1708635770e-06	+1.8882389382e-05	+1.4450467549e-05	+1.1454564649e-05	+6.8252684178e-06
+1.9452552940e-05	-1.8811140602e-06	+1.4563183332e-06	+1.6916521805e-05	-4.4216021551e-05	-5.2074879762e-05
+1.7823201990e-05	+1.8139272750e-05	+1.2461290076e-05	+7.4404614912e-06	-2.9084799780e-05	-6.4570204972e-06
-5.3230767250e-06	-4.2419205863e-06	+4.3892462707e-05	+1.8100135056e-05	-3.7102396676e-05	-2.2129449625e-05
+1.8038563600e-05	+1.8229896464e-05	+1.7949726306e-05	+1.2429265648e-05	-2.0385867581e-05	+2.4191464855e-06
+5.9280609987e-06	-2.6460324306e-05	-1.8112000000e-06	+6.7023032498e-06	-2.0835313796e-06	+5.9836824929e-06
+2.3847934512e-05	+2.2992990339e-05	-1.2158537488e-05	-1.7695956903e-05	-6.7662920277e-06	-9.3821221843e-06
-4.4784263728e-06	+5.1291919495e-06	+2.2383498442e-05	+2.2309458792e-05	-1.0709778045e-05	-2.0808273992e-05
-8.0425766023e-06	+8.1187097646e-06	+9.4088612153e-06	-7.7353852686e-06	-1.0520545060e-06	-3.5765118703e-06
-2.4964385269e-05	-9.6196814448e-06	+1.3259943970e-05	-5.5127768065e-06	+1.1412678268e-05	+3.6293684306e-05
-1.3116050338e-05	-3.1702715252e-05	-3.0096688979e-06	+1.6231924632e-05	+1.7410556901e-05	+2.3142270405e-07
+2.1959759699e-06	+1.2752023182e-05	+8.9665345121e-06	-7.9567239988e-06	-2.0437186121e-05	+4.9101954248e-06
+3.2667075205e-06	-3.0441715264e-05	-1.1706254058e-05	+9.3050163479e-06	+1.7038456187e-05	+2.6072673672e-05
+2.3544556117e-05	+8.2735004763e-06	-4.9058389497e-05	-3.7246095787e-05	+3.0198573704e-05	+9.8614929172e-06
-1.4817173426e-05	-4.8309400065e-06	+3.5419084294e-06	+7.0832470723e-06	-1.9867774682e-06	-3.4203968775e-07
-7.7149599317e-06	+3.4049915373e-06	+2.4838105654e-05	+5.5752314464e-06	-1.9222782504e-05	-2.8009145775e-05
-2.2350295783e-06	+1.5834593967e-05	-6.1582160665e-06	-1.9933913807e-05	-1.8107343124e-05	-6.9463594771e-06
-3.6942608770e-06	-6.6253326625e-08	-1.1201977127e-06	-1.0995307108e-05	+1.4771250939e-05	+4.1318953359e-05
+2.0121461569e-06	-4.1010912321e-05	+8.2381950573e-06	+3.3916085586e-05	-1.2528189545e-05	-2.1242832769e-07
+1.4188801346e-05	-1.6232254307e-05	-4.0603774997e-06	+3.0784719930e-05	+3.2924348391e-05	+8.7692572055e-06
-2.4737839495e-06	+5.0360806083e-06	-1.8579854576e-05	-1.8033439675e-05	+1.4888840581e-05	+6.9077964728e-07
+9.7373810221e-06	+3.0258136700e-05	+2.9351768133e-06	-3.6560715727e-05	-4.3769501612e-05	+1.7480599002e-05
+1.2082336918e-05	-5.0139130559e-05	+1.0101854239e-05	+4.1471796258e-05	-1.4932786120e-05	-1.5575651772e-05
-1.3192445726e-07	+1.6816625041e-05	+2.2688779612e-05	-3.9757289904e-06	-2.4583650609e-05	-3.5723355275e-05
-2.3171597161e-05	+2.0819668354e-05	+2.2552691566e-05	-1.9147493474e-05	-4.1345016004e-06	+2.6259957934e-05
+2.0620343579e-05	+2.7108780973e-06	-1.7632466919e-06	+3.9147136346e-06	-2.5409446976e-05	-3.7737939653e-05
+5.9741630922e-06	+3.4261308563e-05	+8.0825055342e-06	-6.8105960236e-06	+1.3155847508e-05	-5.9505984659e-06
-2.4035942395e-05	+1.0282351745e-05	+7.9881301293e-06	-2.9030182422e-05	-9.2732811151e-06	+5.6678492245e-06
-1.1312304686e-05	+3.2307696581e-07	+1.7415696854e-05	+8.4370026596e-06	-1.5311782758e-05	-1.9756367783e-06
-1.1386367274e-05	-2.8224654822e-06	+5.0447793923e-05	+9.8055485392e-06	-2.7681329861e-05	-2.7397770371e-05
-1.7021380186e-05	+1.8510498201e-05	+2.3642015883e-05	+3.4018813204e-05	+9.5561573615e-06	-1.7507137452e-05
+1.2379022179e-05	+3.7497011224e-06	-1.2179091525e-05	-1.7772234880e-05	-2.0876189555e-05	+1.3121569518e-05
+1.8723132326e-05	+2.9023633093e-05	+2.8609750937e-05	-2.7813166435e-05	-1.8912043052e-05	+8.5721930514e-06
+1.4917052813e-05	+4.0349877066e-05	+1.8139120597e-05	-7.9218636663e-06	-1.6425665326e-05	-2.0299316667e-05
+1.2645289648e-05	+1.0185262041e-05	-2.7550870057e-05	-1.0821453565e-05	+1.2357541260e-05	-1.4407575409e-06
+4.3525670428e-06	+1.6321809626e-05	-7.8832850416e-06	-1.5697749755e-05	+8.4787915169e-06	-1.9411590853e-05
-3.9512635998e-05	-5.1716727088e-06	+3.4666091870e-05	+5.9392052845e-05	+1.9926005461e-05	-2.5897043376e-05
-4.1538513172e-05	-3.0173006912e-05	+1.0999859680e-06	-2.2281423874e-06	-1.3137547853e-05	-1.0772318840e-05
+1.4760483768e-07	+2.8319643980e-05	+3.9386977461e-05	+5.5742702673e-06	-1.9208203535e-05	-3.0705970063e-06
-1.9173556106e-06	-2.2767334889e-05	-1.0429401028e-05	+7.4887472954e-06	+1.0859759574e-05	+6.5592694049e-06
-1.6732973896e-05	-1.0578163919e-05	+1.0508565336e-05	+2.0213655351e-05	+1.8949728471e-05	-1.2710798487e-05
-2.8222847037e-05	-2.1960350104e-05	-6.1908797419e-07	+3.2493050176e-05	+1.4165935747e-05	-4.1989260671e-05
-5.0525237535e-05	-1.2674966877e-05	-2.9350724828e-06	+2.8608358895e-05	+3.0947378985e-05	-2.2244825879e-05
+7.0248905527e-07	-1.0585749619e-05	-1.5135265968e-05	+1.9960442434e-05	-2.5167224742e-05	-2.3516003108e-05
+4.7820913956e-06	+4.1223890546e-06	+2.4638435131e-05	+3.3502152573e-05	+3.1617131044e-05	+2.2961930450e-05
+5.7224725837e-06	-1.1946296189e-05	-2.3056555988e-05	-4.5961631287e-06	+9.1147622790e-06	-1.8989683821e-05
-8.4534304002e-06	+4.0145991248e-05	+3.6420540519e-05	+5.9209853498e-06	-8.0981835123e-06	-1.1905203345e-05
-1.2147044527e-06	-9.8171792236e-06	-2.3443244216e-05	-1.3377897523e-07	+1.3448587983e-05	+1.6947526058e-05
+6.6468814978e-06	+1.0229537253e-05	+1.3985721502e-05	-2.6363745155e-05	-9.0545673513e-06	+3.5503524762e-05
+2.0769657770e-05	-2.2967042950e-05	-2.3859314584e-05	+6.8364209608e-06	+1.1120011417e-06	-2.8177650295e-06
-1.8007494484e-05	-1.2616795689e-05	+2.0403820619e-05	-1.1510475409e-06	-1.4237636657e-05	-1.1135269102e-05
+7.8143315276e-06	+3.4265451258e-05	+3.0347325730e-06	-2.0646600660e-05	-1.5974098594e-06	+3.5998440630e-06
-1.3471883148e-05	+4.3631430087e-06	+1.4306558228e-05	-2.8167835571e-05	-2.2410308071e-05	+5.4516688366e-06
-9.0642781927e-06	-2.6447160295e-06	+9.7013992329e-06	-9.2388465478e-06	-2.9625467622e-06	+9.6021645471e-06
-4.8236771784e-06	+1.1561406098e-05	+1.1756051134e-05	-3.5875012108e-06	+1.1182496068e-05	+4.4082757831e-07
-1.3858945652e-05	-1.9629866589e-05	-1.3598897297e-06	+1.5105271707e-05	-2.6285115479e-06	+1.3736553708e-05
+2.9494928548e-05	+6.9119291803e-06	-2.1572332933e-05	-1.9055250262e-05	+1.1583934123e-05	+1.4794875277e-05
-2.8673121073e-05	-2.6735406205e-05	+2.9198238489e-05	-8.6253177943e-06	-1.2899537365e-05	+4.2779729466e-05
+7.3085740821e-06	-1.4913825569e-06	-5.7774374836e-06	-2.8865781796e-05	-3.4317306867e-06	+9.8336874414e-06
+2.6233200546e-05	+3.3618890492e-05	-7.5164972402e-06	-2.9129484047e-05	-8.9024887633e-06	-2.9666572973e-06
-9.3105769064e-06	+7.3956124331e-06	+5.9028675684e-06	-2.2376160359e-05	-1.2942444535e-05	+1.2498376953e-05
+5.5513860725e-07	-4.0228412499e-06	+1.7023036131e-05	+1.3851549116e-05	+1.4871086892e-05	+6.7245361797e-06
-2.2893430514e-05	-1.3954586658e-05	-2.1180283022e-05	-1.2782575456e-05	+3.1729194760e-05	+1.2157601847e-05
+1.4797070839e-06	-1.9302647031e-06	-2.8785191465e-05	-1.4592155498e-05	-1.6965774114e-06	+1.4556353141e-05
+1.8206606592e-05	-9.7404711450e-06	+9.6337939447e-07	+1.5482928760e-05	+7.4904518667e-06	+2.5731362097e-06
-1.7894636389e-05	-1.3175166005e-05	+1.9836034111e-05	+9.7963273111e-06	-9.6728357454e-06	+1.8218402945e-06
+5.2674287306e-06	+4.3811508800e-06	+8.3825783638e-06	+1.1684518828e-05	+1.5425489784e-05	-1.2136330748e-05
-1.9044864183e-05	-1.0094453923e-05	-3.5698231512e-05	-1.9221424412e-05	+1.5773129538e-05	+1.5179150599e-05
+5.6317599584e-06	+1.0991157590e-05	+5.1945322017e-06	-1.1003079217e-05	+2.0218216077e-05	+2.1902136307e-05
-1.0736347458e-05	-6.8425447301e-06	-1.0366953560e-05	-5.5183954091e-06	+5.4728771862e-06	+1.3349445973e-05
+7.9940620723e-06	-1.7408080004e-05	+8.6191715356e-06	+7.6281183213e-06	-2.9920585214e-05	+4.6049508248e-06
+2.0402720834e-05	-1.5526820933e-05	-9.9109234232e-06	+1.1994217943e-05	-1.2205744261e-06	-4.3989935905e-06
+1.7585449283e-05	+2.1517317761e-05	+2.2281173732e-06	+4.8648219713e-06	+1.7510727717e-05	-8.2222522187e-06
-8.9850589266e-06	-5.0688030331e-06	-2.5774314135e-05	-2.0913406088e-05	-1.5216829853e-05	+3.8343921445e-06
+4.0849765640e-06	-1.6052014833e-05	-1.3414604166e-05	+2.7302382997e-06	+2.1909548782e-05	+7.4640372553e-06
-1.2483179503e-06	+2.3947894263e-06	+8.7578087741e-06	+3.5899628153e-05	+2.8169970888e-05	-8.2233604724e-06
-2.4082950246e-05	+8.0927864818e-07	+1.0553322408e-05	-2.2058557443e-05	-1.7639981978e-05	-2.0926736717e-06
-1.2068194742e-05	-1.1083224794e-05	+3.1799743363e-06	+1.3062307320e-05	+7.5984207534e-06	+8.9038456868e-06
+1.3204211102e-06	-9.4684642419e-06	-1.1927526776e-05	-1.6074884335e-05	+2.0934437351e-07	+1.3062605273e-06
-3.9692617859e-07	-1.6760917792e-06	-3.0632494922e-05	-3.8827374495e-06	+3.1895484901e-05	+2.6675911627e-07
-2.0734737470e-05	-2.0501459701e-05	+1.7997035124e-05	+5.0237896556e-05	+2.8308478326e-06	-1.9098909141e-05
-2.1293519092e-06	-1.2657883935e-05	+1.6748336058e-06	+2.3140078867e-05	-2.0071918067e-05	-9.0873771462e-06
+4.6452175616e-05	+6.1746353548e-06	-1.9260866021e-05	-3.7411234492e-06	-1.4185970251e-05	-1.1744621291e-06
+2.3578433053e-05	+1.4866811209e-05	-8.8054185550e-06	-5.0208291451e-06	+3.3709068558e-06	-7.0281682599e-06
-4.0269226677e-06	+4.8309488582e-06	-3.6857728638e-06	+9.6894023332e-06	+2.8778515625e-05	+4.3408721618e-07
-2.1687690878e-05	-1.5971599818e-05	-4.6624915584e-06	-2.6202431621e-06	-2.6725254955e-05	-2.5923513946e-05
+1.2650631341e-05	+3.9629040836e-05	+2.8760523055e-05	+9.6008038936e-06	-6.4977877504e-06	-3.6980248619e-05
-1.2204467412e-05	+3.0107472635e-05	+4.8696303029e-06	-1.0300092195e-05	-1.1351833568e-05	-1.1384758434e-05
+8.7651454520e-06	+1.0423147236e-05	+6.5019232541e-06	-3.2558621327e-06	-1.2633686247e-05	-1.1263867843e-06
+1.0670340289e-05	+1.4903389340e-05	+5.9380303167e-06	-9.6168477656e-06	-2.4049916117e-06	+1.6529219787e-05
+1.3158747021e-05	+5.8257225980e-06	-2.6236066158e-06	-1.4491826273e-05	-1.2748127183e-05	-6.0855001438e-06
-4.2757267655e-06	-3.1157748658e-06	+4.1394274858e-06	+8.0135127342e-06	+2.8447779786e-06	-3.0405407890e-06
+8.1638105168e-06	-2.7289643940e-06	-2.1709514196e-05	+1.0278044754e-05	+2.1082483366e-05	+1.5297824694e-05
+1.0846979664e-05	-1.1505548360e-05	-7.7845717454e-06	-5.1261095161e-06	+1.0842662239e-06	-5.0620803409e-06
-1.1328997334e-05	+3.4955089003e-06	-1.4218799631e-05	+6.3141333433e-07	+2.2878203216e-05	-1.0141162589e-05
-2.0658794129e-05	+7.9637395787e-07	+1.6092428065e-05	+1.2912861854e-05	+1.1904160901e-05	+1.7350250635e-05
-8.2974277429e-07	-1.0918552630e-05	-1.0586735148e-05	-1.4782782593e-05	-1.1407736358e-05	-2.1949318193e-06
+1.0806998578e-05	+3.9234918002e-06	+6.6339010988e-06	+6.2849822235e-06	-1.4097498375e-05	-1.9010231932e-08
+1.2852908632e-05	-5.0208234386e-06	-1.3335504545e-05	-1.4135201466e-06	-4.0752366388e-06	-1.9323186067e-05
-5.4548776571e-06	+1.2705763713e-05	+3.2816868031e-06	-1.0590968393e-05	-2.0842211617e-05	-3.2880926154e-06
+2.6780993193e-05	+1.4925322372e-05	+1.1530247712e-06	+7.6276396181e-06	+2.8006262839e-06	-1.3405848304e-05
-5.9223805740e-06	+6.2761406855e-06	-1.4333398428e-05	-7.8693964424e-06	+1.3102398204e-05	-1.4657677402e-06
-1.9160745065e-06	+1.3995589175e-05	+7.4301414508e-06	-6.7087313375e-06	-1.7894110161e-06	+8.3219062570e-06
+2.9280696774e-06	+2.4007786917e-06	+3.8791143684e-06	-1.0703264422e-05	-2.3956581092e-05	-8.2223425081e-06
+1.7112095019e-05	+1.8345975256e-07	-1.7410092849e-05	-1.5665512588e-06	-3.4724676311e-06	-1.0535611614e-05
+5.6378404516e-06	+1.2712652400e-05	+6.6896570167e-06	+1.4395242228e-05	+1.8324884894e-05	+4.2577160363e-06
-2.1224588686e-06	-1.7065966761e-05	-3.5608587494e-05	-1.3506424961e-05	+8.6853801163e-06	+7.6186077761e-07
+7.4937784132e-06	+2.7648327125e-05	+1.8487976271e-05	-1.5959593322e-05	-1.6294214531e-05	-3.1521350928e-07
-1.1700948116e-05	+2.0313437220e-06	+1.1993531474e-05	-1.2114975734e-05	-1.4214268987e-05	-1.5719098974e-05
-1.2571452956e-05	+1.3100612929e-05	+1.8035052420e-05	+1.9238468720e-05	-1.2553479475e-06	-4.2182745998e-05
-1.8957209222e-05	+1.9109868743e-05	+9.0852572570e-06	-3.6112641647e-06	+4.3566194633e-06	+2.2487580449e-05
+2.3268017067e-05	+6.4374028551e-06	-4.6348959740e-06	-2.0614011432e-05	-1.8382203270e-05	+1.0605760174e-05
+2.3350970207e-05	+1.1583862702e-05	+4.0583707908e-06	+8.0711072734e-06	-8.7432130458e-06	-1.2830160761e-05
+3.5724001993e-06	+2.4629999619e-06	+5.9686810083e-06	-3.4366233738e-06	-7.1287515948e-06	+3.4161671026e-06
-8.8664579492e-06	+5.8200482885e-06	+2.1850241353e-05	+1.2870565600e-05	+1.7049692639e-05	-3.6404393291e-06
-1.2474572810e-05	+1.0828902141e-05	-2.2961722722e-06	-1.3009892778e-05	+2.8191150662e-07	+9.3967798325e-07
+1.6980121451e-06	+1.4216341669e-07	-5.0443112614e-06	+2.6827492537e-06	+1.1747603458e-05	+1.1195918966e-05
+4.3377337126e-06	-1.8481131870e-05	-3.3222911968e-05	-7.3665670446e-06	+1.8478731293e-05	+8.5522821785e-06
-1.6053397697e-06	+3.8787374093e-06	-4.6310377856e-06	+1.8338598496e-07	+1.7074400539e-05	-3.6962066496e-06
-1.8040195688e-05	-5.2817651851e-06	-6.2635586961e-06	-1.8205531954e-06	+7.2829563418e-06	+1.0247740538e-05
+3.3497126587e-06	-2.0767283310e-05	-8.8334882808e-06	+1.2446261774e-05	+4.4444866690e-06	+6.2836486909e-06
+1.1618336030e-05	+1.1476390122e-05	+1.0150566871e-05	-4.0258501111e-06	-2.2922003387e-05	-1.5026086053e-05
+2.0587400995e-06	+5.3840227854e-06	+9.5852274845e-06	+1.5715318676e-05	+2.2852983418e-05	+9.3856979108e-06
-6.7443398244e-06	-2.0454336171e-05	-2.9194374876e-05	+3.8600866579e-06	+1.4611999928e-05	-1.8120101798e-06
+1.0817587116e-05	+1.7934473944e-05	+1.1809308087e-06	-8.4294030815e-07	+3.2730254884e-06	-1.4577771146e-05
-1.3549532561e-05	+5.1806228350e-06	+6.2232400010e-06	+9.2123239169e-06	+5.8352702335e-06	-9.3923633650e-06
-4.4449211053e-06	-6.5593839727e-06	-1.8965307389e-05	-2.8756080333e-06	+1.5402042662e-05	+1.1792188974e-05
-1.9279122285e-05	-2.9111079206e-05	+8.2593796729e-06	+1.2574203194e-05	-7.9765614802e-06	-1.7121817198e-05
-2.0181218754e-05	-8.4867459520e-06	+9.6922169298e-06	+2.2401780672e-05	+6.2037577412e-06	-2.0182451982e-05
-1.4834771702e-05	+4.1320064171e-06	+7.2275017040e-06	+4.2353064337e-06	-2.6181750833e-06	-9.7555389197e-06
-1.1813246088e-05	-1.0106371653e-05	-5.9615991704e-06	-1.2012120202e-05	+5.2338110796e-06	+2.7725232197e-05
+2.7952593941e-06	-1.9343800776e-05	-1.0389791117e-05	-3.7388382574e-06	+2.2153204568e-07	+8.8476637065e-06
+5.3160425733e-06	+1.9069097536e-06	+5.4508790777e-06	-7.5116727846e-06	-9.5530247328e-06	-1.1290293130e-06
-3.2107224414e-06	+4.6939333604e-06	+9.1626920457e-06	+7.9572106587e-06	+8.3622511316e-06	-7.0207295608e-06
-2.1084251586e-05	-1.2484220934e-05	+6.4947876362e-06	+1.8245777847e-05	+1.0955121562e-05	-4.5481167927e-06
-4.0421792002e-06	+8.2094418745e-06	+8.8551880224e-06	-7.2452257111e-07	-6.7559102409e-06	+2.2806637320e-06
+1.9582499639e-05	+1.0113065025e-05	-1.5052256611e-05	-4.9173655960e-06	+1.6874991121e-05	+1.3340631439e-06
-1.4530035493e-05	-1.1399508980e-05	+2.0440474491e-06	+1.8390804575e-05	+1.3160397616e-05	+1.0536684044e-05
+2.4797532075e-06	-1.1183894101e-05	-2.9718373536e-06	+1.6814117372e-06	+7.7025665821e-06	+1.0657138200e-05
-7.5231609604e-06	-5.2559739837e-06	+9.6659111313e-06	-5.6424044611e-06	-1.4265598207e-05	+3.2605739446e-06
+9.5740617771e-06	+1.5116580973e-05	+1.7282081091e-05	+7.4386219632e-06	+9.7896136897e-06	+1.6530379063e-06
-1.7890829209e-05	-1.8647383333e-05	-8.1752195198e-06	+1.0069809035e-05	+2.0726380410e-05	-1.5509724744e-06
-2.5183140285e-05	-2.5559071310e-05	-1.0872757390e-05	+5.3344982853e-06	+5.9602746298e-06	+7.1999184353e-06
+1.1519119393e-05	+1.1888398082e-05	+1.3363803165e-05	+4.6403956181e-06	-8.2427379534e-06	-1.0833083612e-05
-2.8329185715e-06	-2.8498543855e-06	-1.1407205202e-05	-8.4726325475e-06	-6.7002084968e-06	+2.0835700480e-06
+1.3761743380e-05	+1.1145099871e-05	+8.0570720283e-07	-8.5944329013e-06	+6.7820697190e-06	+5.0244535919e-06
-1.3036247319e-05	+1.2365485361e-05	+1.7990746396e-05	-6.8058224620e-06	+5.9365157718e-06	+9.5533762619e-06
-1.4438122896e-05	-2.0824934841e-05	-1.3377670285e-05	-6.3491087106e-06	-4.9095258117e-07	+9.4886068894e-06
+1.5295821168e-05	+1.9667082719e-05	+1.1496054153e-05	-1.2196132767e-05	-6.6312353194e-06	+8.1647097189e-06
-6.3656263887e-06	-1.5404442010e-05	-4.3017700559e-06	+3.4331286369e-06	+7.5303611659e-06	-7.4686589719e-07
-1.5193314757e-05	-4.3597035231e-06	+1.3730957721e-05	+5.8906718080e-06	-9.8773998128e-06	+1.4254806946e-06
+1.4943109837e-05	-2.7069678854e-06	-7.6180285250e-06	-4.9475752646e-06	-2.1362779466e-05	-1.2586196353e-05
+2.1123930252e-06	+4.8369078441e-06	+1.5454117769e-05	+1.3309407371e-05	+4.1268011790e-07	-5.0475192695e-06
+2.8507678038e-06	+4.8070861165e-06	+1.7376062450e-06	+6.7501686925e-06	-6.8691715704e-06	-2.2227731984e-05
-1.2784905869e-05	-1.0419608622e-06	+2.0834400611e-06	+1.4032343819e-05	+1.7622368812e-05	+1.7180082230e-06
-8.4008551867e-06	-1.8814488407e-06	+1.1269469590e-06	-8.8998369327e-06	-1.6970085062e-06	-1.1385144698e-06
-4.6669004728e-06	+8.2054546771e-06	+3.8697775261e-06	-3.0286939449e-06	-4.4827584461e-06	-3.9300503736e-07
+1.0133489330e-05	+6.7808092171e-07	-2.2191360254e-06	+9.2338028736e-06	-3.5442280861e-06	-1.1113343540e-05
-1.3307486591e-06	-6.6457714825e-06	-6.0793634017e-06	+3.4296659270e-06	-6.6244996547e-06	-2.5253668453e-06
+7.1956137890e-06	-1.1120421292e-05	-5.3062391743e-06	+4.7315704763e-06	-9.0199843442e-06	-8.9154558353e-06
-4.6488137911e-06	-6.4254340451e-06	-3.9552819347e-06	+2.6340094633e-06	+7.1119653449e-06	+6.1006614005e-06
+1.5159787501e-06	+5.0429623856e-06	+1.2361340307e-05	+1.0187323848e-05	+1.5461714696e-07	-1.0341271551e-05
-1.3678009067e-05	-4.1533627494e-06	+1.1004156197e-05	+6.6220388909e-06	+6.3998838794e-06	+5.2475530878e-06
-8.9314717787e-06	+2.9355443900e-06	+1.0764466982e-05	+7.2819576291e-06	+5.6481669741e-06	-3.2966408777e-06
-3.4126351364e-06	-3.5918388364e-06	-8.7449387087e-06	-7.6395445545e-06	+1.2430282715e-06	+5.5921404808e-06
+1.7705072402e-06	+3.5369634187e-06	+3.9679801981e-07	-3.9519528481e-06	+4.4572477654e-06	+1.1021854034e-05
+6.5371273546e-07	-1.5429460855e-05	-1.1120327244e-05	+1.8132989989e-06	+6.1013975955e-06	+1.6148026678e-05
+2.0696150262e-05	+4.2438933367e-06	-5.4975032700e-06	-1.9052284363e-06	-1.3569041498e-06	+1.1088275571e-06
+2.3468770538e-06	-3.6446333711e-06	-7.8401315842e-06	+3.5232286402e-06	+2.8968556281e-07	-1.2194763775e-05
+7.4302556954e-06	+1.3174162395e-05	+1.0080823321e-05	+1.1682842434e-05	-6.2547690606e-06	-9.4766015709e-06
-5.4829793212e-06	-7.6149745748e-06	-5.8236058682e-06	-6.0208669823e-06	-8.3778433480e-07	+7.6874836564e-06
+3.2494023450e-06	-5.2671241253e-06	+3.4658703022e-06	+9.7717921858e-06	+1.4293014584e-06	-2.3826218533e-06
-7.6670306337e-06	-1.2128503307e-05	-1.4168874555e-06	-8.3012805178e-08	-1.6595841460e-06	+1.2400407763e-05
+1.2712993666e-05	-4.3031744103e-06	-9.5761216900e-06	+6.3309306980e-06	+7.0076054249e-06	-9.2412220584e-06
-9.0529879594e-06	+1.5311575427e-06	+4.2194451286e-06	-2.0182383068e-07	-1.7679102681e-06	-6.3093876537e-06
-7.5880523992e-06	+1.1477134364e-06	+1.0511739579e-05	+4.6423776304e-06	-4.3738205097e-06	-2.1430524193e-06
-4.2114778064e-06	+2.1151557128e-06	+5.8378024813e-06	-6.3641270195e-06	-5.5740947427e-06	+8.1812184535e-06
+5.4758605040e-06	-5.4109700950e-06	-2.1261954761e-06	+4.1327064943e-06	+7.7847403473e-06	+1.4123074732e-06
+1.5931821091e-06	+3.1995174094e-06	-9.8144601136e-06	-6.8991786972e-07	+7.0905127406e-06	-9.3891338496e-07
-4.0328547322e-06	-1.5210879823e-06	+1.5570186515e-06	-8.8276344378e-06	-1.9900919306e-06	+1.5195679236e-05
+2.2257154789e-06	-6.6758577581e-06	-2.7437158577e-06	-1.3626352656e-05	-2.4942453975e-06	+1.5518791121e-05
+3.5697788064e-06	-4.8647799907e-06	-8.7723162690e-06	-6.1126912898e-06	+5.9416578199e-06	+5.6969556816e-06
+5.4590922055e-06	+4.7295754947e-06	-2.3535122435e-06	-7.2001956766e-07	+9.8858887324e-07	-4.0125250608e-06
-4.0895065151e-06	+4.4782909020e-06	+7.6363689116e-06	+1.3235658895e-06	+4.5591170151e-06	+3.7280325286e-06
-1.1713830107e-05	-9.9475948137e-06	+3.1497719341e-06	-7.5950162360e-06	-1.6382537749e-05	-3.0104470438e-06
+2.9927772160e-06	+2.3880487620e-06	+3.5937218835e-06	-1.5359117877e-06	-8.1129877631e-06	+8.3931962737e-07
+5.2097515625e-06	-7.0967082992e-06	-1.1099433218e-06	-3.7401278172e-07	-2.4018385479e-06	+1.0679680145e-05
+4.6057432352e-06	+5.2267587657e-06	+7.9729115968e-06	-8.2818930498e-06	-1.6502808720e-05	-1.5738591035e-05
-1.3461602997e-05	-8.9755692196e-06	+9.6263540680e-06	+1.9018107150e-05	+8.0444450630e-06	+1.1819071367e-05
+7.2597726266e-06	-1.0447691425e-05	-9.5947710532e-06	-7.6963752379e-06	-2.1505867887e-06	+1.4769402523e-05
+1.6325240998e-05	+1.5858730926e-06	-8.8645131571e-06	-5.6953726243e-06	-4.5677061541e-06	-8.1710736541e-06
-2.6595445322e-06	+3.6651059754e-06	+9.5152202986e-06	+1.1854192481e-05	+4.5124672470e-06	-5.4075885164e-06
-1.9636789513e-06	+9.2414506610e-06	+1.4562755250e-06	-6.9589142399e-06	-4.0319345771e-07	+1.8163077434e-06
-2.3284473523e-06	-1.4664676936e-06	+6.5331059362e-06	+5.9341814565e-06	+1.0048578358e-08	+1.1626913262e-05
+8.3099282022e-06	-1.5569242230e-05	-1.0599482762e-05	+3.2595940563e-06	+5.2272908640e-06	+2.0748031559e-06
-3.2842870523e-06	-2.3018838679e-06	-2.1973424587e-06	+3.3756137595e-06	+8.1340391566e-06	+6.6129599434e-07
-7.6766544591e-06	-6.7909604388e-06	+8.4508118751e-07	+2.2213947075e-06	+2.4489479799e-06	+7.0137955759e-06
-7.5836386075e-07	-1.4666495384e-05	-3.2749082709e-07	+1.4403091050e-05	-7.6825233937e-08	-1.9664937340e-06
+4.0378453331e-06	-1.7541657384e-06	-4.0830865583e-06	-5.1269767784e-06	-9.4180855271e-06	-8.6622457562e-06
+2.1005589545e-06	+5.8651416459e-06	+5.6391447404e-06	+6.5605922607e-06	+7.6392576676e-06	+1.0864409122e-05
+4.8487144073e-06	+5.5459851758e-06	-2.7107107152e-06	-2.1581502992e-05	-8.0598390149e-06	+1.1933494928e-05
+3.9458949269e-06	-3.7970058780e-06	+7.4685156202e-07	-1.1752065150e-05	-1.1333308639e-05	+7.9067168544e-06
-1.4829833416e-06	-4.9078113053e-06	+6.7587385809e-06	+9.1527048498e-06	+1.2494969774e-05	+2.7055051486e-06
-6.0481663453e-06	+8.4241379578e-06	+1.2365731808e-05	-8.7155379940e-07	-6.6655385584e-06	-9.0937523684e-06
-5.8567298260e-06	-2.3532583309e-06	-1.9535546967e-06	+1.8717969773e-06	+1.0322432012e-06	-1.9104938803e-06
-6.8984235563e-06	-5.3262661093e-06	+3.8844036142e-06	+8.6573352185e-06	+1.3102231230e-05	+7.3376798273e-06
-3.6323664482e-06	-1.6845915650e-06	+3.0058165037e-06	-1.1355120135e-06	-1.3599997113e-05	-1.1408030407e-05
-1.3057083333e-06	-1.2400817798e-06	+4.1847029909e-06	-2.2462036423e-06	-7.9377903184e-06	+4.9952655496e-06
+8.3833982348e-06	+1.1622465130e-05	+1.7532393404e-05	+1.0378279895e-05	-8.2545704993e-06	-1.8064652052e-05
-1.8416759549e-06	+6.3224682135e-06	-7.2983216949e-06	-1.7432639931e-05	-1.2982049737e-05	+3.8893521123e-06
+1.4842356135e-05	+5.9566998143e-06	-6.8948919454e-06	-3.9333334534e-06	+1.8795215433e-06	+2.0220283783e-06
-2.1799463894e-06	-8.5774937236e-06	-4.6453949878e-06	-2.5678805646e-06	-8.5628224462e-06	-7.8592972424e-06
+1.3168676149e-06	+6.5106927185e-06	+4.2599368842e-06	+4.1380868109e-06	+1.9489336392e-06	+6.2824022300e-06
+1.0684576709e-05	+4.2648502139e-06	-3.3199037015e-06	-4.0489506653e-06	+6.4611157636e-06	-3.5771653005e-06
-1.7319696648e-05	+3.2983372824e-07	+1.0946802470e-05	-4.9104616816e-06	-2.0603962851e-05	-1.5804334692e-05
+7.0091945733e-06	+2.0504965083e-05	+1.3934377301e-05	+8.2546933549e-06	-3.8269167645e-06	-1.3054103113e-05
-7.3046270727e-06	-5.0723237575e-06	+5.6404955208e-06	+1.3521851240e-05	+3.1975125512e-06	-4.4247395903e-06
-4.1703930328e-06	+1.3083601919e-06	+1.7234108296e-06	-2.4561886791e-06	+1.0317794708e-06	+3.9064623627e-07
-6.4799435810e-06	-1.2464586350e-06	+3.2809289058e-06	-3.9400885745e-06	-5.6297810556e-06	-8.7724806066e-06
-2.5305100048e-06	+7.4632391516e-06	-2.1961289937e-06	-3.4749502620e-06	-1.0517539936e-06	-4.3419244983e-06
-2.6978947620e-06	+6.0851600768e-07	+3.5970974550e-06	-5.7295948360e-07	+1.8784702665e-07	+6.0355095024e-07
-6.5666731444e-06	+2.6432069185e-06	+5.3645786941e-06	-6.5437968165e-06	-7.5702701609e-06	-9.1652496817e-06
-7.1638427557e-06	+3.8124704109e-06	+1.0034644041e-05	+6.4501839060e-06	-3.0709108570e-06	-7.0032751926e-06
-1.5483654862e-07	+1.1605072770e-05	+1.0825619798e-05	+3.4507096199e-06	+7.4177517396e-06	+1.3810202298e-05
+8.8505237671e-06	-3.3574109354e-06	-6.5196189991e-06	-3.0867464264e-06	-1.3387146657e-07	+5.1913822466e-06
+5.5784986156e-06	+5.3737406552e-06	+8.1966164092e-06	+2.1596139957e-06	-5.0361859268e-06	-5.4664476838e-06
-3.3403722094e-06	+4.8742121174e-06	+1.6474290023e-05	+1.1309169084e-05	-9.7601565906e-06	-1.1518201361e-05
+6.4319453001e-06	+1.0230410920e-05	+5.0865848999e-06	+3.7809550356e-06	+1.2454826384e-06	-7.6849760321e-07
-2.4508231896e-06	+2.5568449968e-06	+3.7353299545e-06	-3.6244625077e-06	+4.6022577059e-06	+5.2283722613e-06
-8.3083827718e-06	-9.7930191082e-06	-1.2777036727e-05	-5.5453173029e-06	+4.9798577322e-06	-2.4812539518e-06
-7.2456601551e-06	-7.9460126951e-06	-7.9591456264e-06	+4.3880553535e-06	+1.6161542472e-05	+5.9906882524e-06
-7.3210624844e-06	-1.0342186458e-05	-8.3878829102e-07	+1.2651457981e-05	+5.2545995021e-06	-2.6737782380e-06
+4.1801104181e-06	+1.4432986572e-06	-5.9160362524e-06	+1.0933972148e-06	+1.6218498024e-06
