TIMESERIES IS_HNTI__SHE_D, 5337 samples, 40 sps, 2008-01-04T15:49:48.100000, SLIST, FLOAT, 
+6.2938227502e-09	+4.6171089173e-09	+4.7643603016e-09	+2.9558930282e-09	+5.5168058790e-10	+1.2770460686e-09
+2.6685519526e-09	-3.8863094803e-09	+1.3364380210e-09	+3.6222378761e-09	-7.1351853014e-09	+1.4511269798e-10
+3.6965484574e-09	-3.7827227262e-09	-3.8503990230e-09	+2.7645992709e-09	+2.0070691035e-09	-1.0333088154e-08
+3.6294374232e-09	+9.3774820928e-09	-1.2849697048e-08	+2.4321843860e-09	+8.2214281460e-09	-6.3182668036e-09
-4.4375030620e-09	+4.1541672388e-09	+1.0673843925e-08	-1.7362504091e-08	-1.0675763713e-09	+2.0095995451e-08
-1.7082405648e-08	-5.7158526945e-09	+1.9591126259e-08	-3.7335147795e-09	-1.6929043086e-08	+1.4609794169e-08
+7.7737568299e-09	-2.4852533867e-08	+1.1943458291e-08	+1.9627591703e-08	-2.3480429643e-08	-3.2243405051e-09
+2.8119479186e-08	-8.7906625624e-09	-2.6882323217e-08	+2.5265917882e-08	+1.6562052168e-08	-3.3228491205e-08
+6.5108068423e-09	+2.0482976496e-08	-1.8563982551e-08	-1.9454447720e-09	+1.3766929655e-08	-9.6415725422e-09
-1.8918270335e-08	+1.6539794685e-08	+2.3293209488e-08	-3.3825144309e-08	-6.3556708182e-09	+3.9859994682e-08
-1.8514049399e-08	-2.1376378867e-08	+3.3545225650e-08	-3.5679481819e-09	-3.5685634613e-08	+2.4954217501e-08
+2.2851049915e-08	-3.3668933239e-08	-5.8106287368e-09	+3.3072039120e-08	-2.2785753143e-08	-1.6098059629e-08
+3.6829863643e-08	-1.9664794685e-08	-9.5944379892e-09	+1.8492779552e-08	+7.6568657435e-09	-1.6645988526e-08
-1.5482318139e-08	+4.6740822654e-08	-2.3200646691e-08	-1.3433295974e-08	+3.6147030800e-08	-2.6782530979e-08
-1.0689130536e-08	+2.2103590755e-08	+1.6862044492e-08	-4.8147176139e-08	+1.8511677988e-09	+6.1438096209e-08
-5.4705763162e-08	-1.9707850314e-08	+4.9857650924e-08	-9.7071377914e-09	-3.4909361327e-08	+1.5794071200e-08
+3.8073236240e-08	-4.5626362516e-08	-8.4024029306e-09	+6.5470225472e-08	-3.4042466615e-08	-4.6299103555e-08
+6.6777068138e-08	+1.5134512095e-08	-7.9794736213e-08	+2.0400868157e-08	+6.7471711905e-08	-5.6821658846e-08
-3.3210167024e-08	+6.9735273349e-08	-2.6402715029e-08	-3.5122075044e-08	+5.9696657950e-08	-2.7953699973e-08
-3.1069086427e-08	+5.3703441554e-08	+4.5078786235e-09	-4.3518889806e-08	-6.7690583482e-09	+6.6335061398e-08
-1.2273746902e-08	-8.4315071451e-08	+6.9716485962e-08	+3.7801584278e-08	-8.4604074124e-08	+2.3502316865e-08
+5.5875782479e-08	-5.9774808644e-08	-3.8626106300e-08	+1.1081566216e-07	-3.6586075649e-08	-1.1338334176e-07
+1.1714946872e-07	+1.1141162878e-08	-8.1931033526e-08	+3.2938680411e-08	+2.9167409948e-08	-2.9940982518e-08
-1.9282666246e-08	+7.0931380528e-08	-3.7176542515e-08	-6.1196082426e-08	+1.0037360652e-07	-7.1431136224e-09
-9.3868002898e-08	+5.7840327872e-08	+5.7998428681e-08	-8.3981885689e-08	-4.1693878654e-08	+1.1922583439e-07
-8.8909795603e-09	-1.1754438204e-07	+9.1760551930e-08	+4.5408354755e-08	-8.6054550058e-08	+2.0976085910e-08
+5.0191776971e-08	-6.0136344220e-08	-1.9023063681e-08	+1.0904817030e-07	-6.7131622522e-08	-9.5633504453e-08
+1.3737760622e-07	+8.0244640486e-09	-1.4479799744e-07	+7.7404380297e-08	+7.8879055581e-08	-1.0462048209e-07
-1.6975963056e-08	+8.9599533646e-08	-3.6465347046e-09	-1.2838351297e-07	+1.0449426331e-07	+6.6620043096e-08
-1.5555317115e-07	+8.3910410165e-08	+2.6983970909e-08	-6.4779613864e-08	+1.6313381101e-08	+4.5325220574e-08
+1.1249933375e-08	-1.0941261351e-07	+1.0137564243e-07	+4.9198637463e-08	-1.6850392041e-07	+7.6671794875e-08
+6.7006710546e-08	-9.8125732240e-08	+2.6123170343e-09	+8.6455511117e-08	-1.3166006147e-08	-1.0285950788e-07
+1.0827601060e-07	+2.6684877102e-08	-1.3094035811e-07	+6.6077894228e-08	+4.0281791456e-08	-6.7906533498e-08
-7.4099593545e-09	+7.3611920576e-08	-3.9854083456e-08	-7.3388492474e-08	+7.8389905196e-08	+3.4298908601e-08
-8.9796924420e-08	+2.1169759448e-08	+8.5774097066e-08	-9.0694331340e-08	-3.1427268902e-09	+1.0638340054e-07
-1.3488766496e-08	-1.1121612623e-07	+4.9774590744e-08	+1.1825359412e-07	-1.6164578896e-07	+1.7440187230e-08
+1.1269887317e-07	-1.1931435077e-07	+3.6098928373e-09	+9.2975323298e-08	-4.1363595530e-08	-1.3148418275e-07
+1.0687161972e-07	+1.1344321189e-07	-2.0611740442e-07	+3.1293245925e-08	+1.7265531525e-07	-1.2518331694e-07
-4.4608160459e-08	+9.3416126053e-08	-1.4643687724e-08	-5.1371779202e-08	+7.7388529846e-08	+2.7637703658e-08
-1.5155337646e-07	+8.2579650907e-08	+1.1526521976e-07	-1.4659040714e-07	-1.2885090237e-08	+9.1828842826e-08
-2.5943618835e-08	-5.9148359488e-08	+5.8014816681e-08	+1.0991394790e-08	-1.0456002382e-07	+8.5488971879e-08
+5.7272203991e-08	-1.3329153870e-07	+1.1169406748e-08	+1.4247827555e-07	-5.2051618073e-08	-1.6070671618e-07
+1.3151412712e-07	+8.4553641613e-08	-1.5466833898e-07	+5.3249847073e-08	+7.3683624100e-08	-1.0930992094e-07
+5.6646017118e-08	+6.6865080276e-08	-1.1704405010e-07	+9.4279326419e-09	+7.6231822328e-08	+1.3829546190e-08
-1.1666249651e-07	+7.3644929646e-09	+1.5061128734e-07	-1.3258642177e-07	-4.7277133852e-08	+1.0153077826e-07
-1.0930104719e-08	-7.6094092905e-08	+3.5468865695e-08	+1.2184864673e-07	-1.5381497249e-07	-1.2010309278e-08
+1.8654509953e-07	-1.3114541294e-07	-3.5893666079e-08	+1.3465184621e-07	-9.5222052455e-08	-4.7411332417e-08
+1.2565710837e-07	+1.2070846823e-09	-1.5216287809e-07	+6.8584908457e-08	+1.4578627560e-07	-1.8554387673e-07
-3.0875842404e-08	+1.7445933565e-07	-4.8819086863e-08	-1.1354070755e-07	+6.2047761893e-08	+9.9409149880e-08
-1.1070898274e-07	-2.0209534961e-08	+9.3501540008e-08	-7.0271464883e-08	-5.1424361693e-09	+8.3938345474e-08
-5.5121041999e-08	-7.9654915273e-08	+1.1736721696e-07	+3.5153265406e-08	-1.7644833688e-07	+6.8608597338e-08
+1.0797236549e-07	-1.0781610757e-07	-7.8272032172e-09	+8.2563954624e-08	-2.3432173583e-08	-6.5441891655e-08
+6.7977892711e-08	+5.3030371393e-08	-1.1517736644e-07	-1.6788038537e-08	+1.6046051719e-07	-1.0534689786e-07
-9.2547639428e-08	+2.0442209029e-07	-1.0344383903e-07	-8.7534266118e-08	+1.6362388886e-07	-5.1466779035e-08
-1.5359339578e-07	+1.0990612239e-07	+1.4632526414e-07	-2.1936913434e-07	+1.1669185632e-08	+1.8350215164e-07
-1.3892090407e-07	-2.8990051115e-09	+2.8666384348e-08	+2.1392231064e-08	-2.8894943940e-09	-7.2893353037e-08
+1.3839165611e-07	-8.2208977369e-08	-5.8468176438e-08	+1.5874225087e-07	-7.7772882253e-08	-1.0400753191e-07
+1.0054251902e-07	+8.6080990786e-08	-1.6727614770e-07	+1.8991627400e-08	+1.8438957147e-07	-1.7177136501e-07
-2.2485013856e-08	+1.4731899502e-07	-1.8075880330e-07	+4.5280308928e-08	+1.6475287431e-07	-1.4670715088e-07
-6.6138554404e-08	+9.8425677164e-08	+7.6815605690e-08	-1.2252829555e-07	-5.9281048432e-08	+1.3518999564e-07
-2.1592329167e-08	-7.4872309321e-08	+7.8437228853e-08	-3.8270657018e-09	-5.2357473988e-08	+7.7685189879e-08
+5.9449887139e-08	-1.6605007657e-07	-2.0734736421e-08	+3.1251824990e-07	-2.4759464469e-07	-1.4623322358e-07
+3.1565930948e-07	-1.2460253735e-07	-6.0331542558e-08	+1.0777424178e-08	+5.9103186543e-08	-4.6652346075e-08
-1.0537500643e-07	+2.2699873104e-07	-1.0987111797e-07	-5.5243624092e-08	+9.2065446597e-08	-4.6814650654e-08
+7.1557633400e-08	-1.0224215642e-07	+5.7452253087e-08	+1.5617151408e-09	-9.2302492591e-08	+2.0144465572e-07
-1.6160028840e-07	-9.0479198686e-08	+2.2796201695e-07	-2.6541657750e-08	-1.5543957412e-07	+3.3890222164e-08
+1.3127217872e-07	-1.2017082693e-07	+2.6435253064e-09	+1.0641484879e-07	-9.9669336372e-08	+2.3051726133e-09
+1.1043156785e-07	-9.5039264041e-08	-4.1081941840e-08	+8.0453912287e-08	-3.3197225838e-08	+1.3384094453e-08
-3.1106575946e-08	+4.0841854754e-08	-1.2423030538e-08	-5.6658063518e-08	+1.3896295145e-07	-9.6191832005e-08
-1.1304458777e-07	+1.7229031237e-07	+5.8133083284e-08	-1.7627801660e-07	-3.8458076495e-08	+1.8340504216e-07
-6.8750375322e-08	-6.8359480297e-08	+1.0503418350e-07	-1.2540271054e-07	+5.0931460281e-08	+1.3243341549e-07
-1.1169588632e-07	-1.0871522340e-07	+1.2351545308e-07	+1.3624715473e-07	-2.4125407361e-07	+2.5324392691e-08
+2.2555950172e-07	-1.2658724306e-07	-7.9646385762e-08	+7.7129528330e-08	+2.5983831885e-08	-8.6613827199e-08
-1.9784314755e-08	+1.5702003378e-07	-9.7025591692e-08	-1.0858634001e-07	+1.6984798986e-07	-4.5993148903e-08
-5.6176705543e-08	+2.0220420568e-08	+1.5749801322e-08	-3.2012911068e-08	+5.2723653114e-09	+1.3259387814e-07
-1.8734071210e-07	+2.4845840163e-08	+1.9643913259e-07	-2.0239525396e-07	-4.4100459666e-08	+2.2187499740e-07
-5.6391541748e-08	-1.6367919398e-07	+1.5242739404e-07	+1.6692114146e-08	-1.2572775893e-07	+4.6920067925e-08
+8.7167681450e-08	-7.2376596830e-08	-9.5006593024e-08	+1.6125508867e-07	-4.2800025197e-08	-1.3745682067e-07
+1.5230966162e-07	+6.4979594813e-08	-1.8457191362e-07	-3.6655680320e-08	+3.1090053475e-07	-1.7844331835e-07
-2.0985364196e-07	+3.4297836533e-07	-9.5103766608e-08	-1.3605832642e-07	+8.5028617017e-08	+6.5725152393e-08
-4.4745197235e-08	-1.3804303689e-07	+1.8699082220e-07	-1.0427013578e-07	-6.1619223615e-08	+2.2168857916e-07
-1.6974748908e-07	-7.0599625242e-08	+1.7474135456e-07	+3.5881306923e-08	-1.8446789386e-07	+6.8522694608e-09
+1.9979903036e-07	-1.1407344670e-07	-6.3780729271e-08	+1.2050858796e-07	-3.8990849652e-08	-5.4958335467e-08
+5.2333603306e-08	+8.7300251173e-09	-7.3139863850e-08	+3.3004003161e-08	+1.0261545339e-07	-1.2332221697e-07
-6.8894738570e-08	+2.5108371582e-07	-1.3392888103e-07	-2.3225638575e-07	+3.0713163112e-07	+3.6166125724e-08
-2.7190628365e-07	+8.6227071100e-08	+2.1952995019e-07	-1.6196616617e-07	-1.5070455467e-07	+2.7843643815e-07
-8.2691086518e-08	-1.7037996311e-07	+2.1442343323e-07	-7.7371936572e-08	-8.9202496457e-08	+9.4298040535e-08
+3.9933316065e-08	-9.4864651651e-08	-7.8611490238e-08	+2.4263577946e-07	-1.0750970852e-07	-1.7576541618e-07
+2.6923802288e-07	-7.8544681071e-08	-1.6473212088e-07	+1.7317153929e-07	+6.2450134141e-08	-1.1285217408e-07
-6.5244302532e-08	+1.5128607491e-07	-2.5423203045e-08	-1.7812184164e-07	+1.9721964372e-07	-2.5397073839e-08
-1.6402458930e-07	+1.4779140295e-07	+4.6959102057e-08	-1.3462492323e-07	-3.4676383808e-08	+2.6171628242e-07
-1.9768567767e-07	-1.4998878031e-07	+3.4919521444e-07	-1.0400868482e-07	-2.2097616541e-07	+1.1579770229e-07
+1.9651755856e-07	-1.6493859493e-07	-1.0498376869e-07	+2.0361425143e-07	-9.4957089889e-08	-1.3147721634e-07
+2.4159930885e-07	-2.8368058582e-08	-2.7669114052e-07	+2.7979080256e-07	+1.1194873737e-07	-3.0375521620e-07
+3.1604290948e-08	+2.3101419935e-07	-1.5584315822e-07	-1.8878085098e-07	+3.0915490922e-07	-1.9915015334e-08
-2.7220924278e-07	+1.7142412176e-07	+1.5165022859e-07	-2.1687651060e-07	-4.1050991349e-08	+2.6212694545e-07
-1.3756305643e-07	-1.6711744411e-07	+2.5298863573e-07	-1.0731213683e-08	-2.4547855426e-07	+1.5994622073e-07
+1.8631666071e-07	-2.8993563936e-07	-2.1283103034e-08	+3.1707917881e-07	-2.2556578627e-07	-1.5465425220e-07
+3.2619409855e-07	-1.1317051673e-07	-1.8331067392e-07	+2.0890880838e-07	+4.8792188744e-08	-1.9866220682e-07
+1.1786579099e-08	+2.4985663906e-07	-1.9011371671e-07	-1.2097852152e-07	+2.6675996182e-07	-1.0059782475e-07
-1.6719444206e-07	+1.8561648988e-07	+1.2613541973e-07	-2.7662345120e-07	-4.4215532433e-09	+3.2300866400e-07
-1.9579396256e-07	-1.9782914155e-07	+2.9725289218e-07	-9.4279701600e-09	-2.4464986691e-07	+2.0056804742e-07
+7.9646024509e-08	-2.5399124039e-07	+8.8342629180e-08	+1.7862377757e-07	-1.5374325132e-07	-1.6597478646e-07
+2.6237753633e-07	+6.4692373375e-08	-4.1349973107e-07	+2.3658965775e-07	+2.0940708727e-07	-2.9046442534e-07
-4.9994245108e-08	+2.3096169073e-07	+2.0530432534e-08	-3.2391127656e-07	+3.2492551237e-07	+4.8776169887e-08
-3.8183776412e-07	+3.1813658907e-07	+5.5380508017e-08	-2.5845742968e-07	+1.1158683912e-07	+1.4600799347e-07
-1.7453603201e-07	-1.1899166614e-07	+2.7819259484e-07	-2.1113187322e-08	-3.8162527976e-07	+2.8800956112e-07
+2.0318894147e-07	-3.5866211992e-07	+5.1518011173e-08	+1.9101420409e-07	-6.1475528993e-08	-1.8244025340e-07
+2.5065385497e-07	+9.3196965050e-08	-4.3377889504e-07	+2.3948861943e-07	+2.3372799533e-07	-4.0321932172e-07
+6.3888871602e-08	+3.0520171283e-07	-2.7787639434e-07	-6.6378960341e-08	+2.9721311341e-07	-6.2194574310e-08
-2.7703157341e-07	+1.5704670257e-07	+2.9176849937e-07	-3.7730682394e-07	-3.4647430711e-08	+3.3759049923e-07
-1.6703680661e-07	-1.5536254597e-07	+1.4273142722e-07	+6.8950093668e-08	-2.4109293623e-07	+1.7988288119e-07
+1.1944723902e-07	-3.3750112753e-07	+1.8103023050e-07	+1.4998402096e-07	-1.6626570617e-07	-9.0393348566e-08
+1.8125948687e-07	+8.1574949983e-08	-3.1057668618e-07	+1.6550004816e-07	+1.6795067493e-07	-2.4903644418e-07
+3.0249230256e-08	+2.0613232661e-07	-1.1156013965e-07	-2.0559890869e-07	+2.8621789894e-07	-1.5175829398e-08
-3.2831203292e-07	+3.1408809233e-07	+8.9926117531e-08	-3.7843618437e-07	+1.5015772122e-07	+2.3839787428e-07
-2.9587642291e-07	-3.0103209027e-08	+2.7314090842e-07	-1.2487994061e-07	-1.8101297365e-07	+2.2466187170e-07
+1.4206405721e-07	-2.9225169631e-07	-1.0200943278e-08	+2.5222452454e-07	-1.2944249517e-07	-1.4265233417e-07
+1.9562186914e-07	+2.2801240641e-08	-2.1181875325e-07	+1.5343789261e-07	+8.6124071726e-08	-3.1380387797e-07
+2.2448780891e-07	+2.0781154575e-07	-4.2847181451e-07	+4.7767584774e-08	+3.1432511836e-07	-1.1778316696e-07
-2.5329489721e-07	+2.3216771564e-07	+1.3021485339e-07	-3.9536040289e-07	+2.2096633510e-07	+1.9866871835e-07
-3.3072360322e-07	+2.9341938430e-08	+2.5791033343e-07	-1.2641133806e-08	-2.8843907064e-07	+1.0897820709e-07
+2.3956353869e-07	-2.7495934525e-07	+4.4947185877e-08	+1.8425598325e-07	-2.2979506587e-07	-7.0195889031e-09
+2.4256831530e-07	-2.7599662519e-08	-3.7691894555e-07	+2.1157224056e-07	+3.2693877647e-07	-4.6550553096e-07
+6.4256040942e-08	+3.0326103379e-07	-2.8605639906e-07	+3.5689766263e-08	+1.8718200863e-07	-1.5171376259e-07
-4.9325408874e-08	+1.2723770182e-07	+8.2544193913e-09	-1.6188313427e-07	+9.3829093279e-08	+1.2913594887e-07
-1.7602383931e-07	+1.3898154492e-08	+1.0483191622e-07	-5.7598669448e-10	-1.8818109367e-07	+1.1302993876e-07
+2.6821112198e-07	-4.6927598877e-07	+5.6369327213e-08	+4.8771007143e-07	-4.7725115034e-07	-1.0775033412e-07
+4.4916459804e-07	-1.9437958727e-07	-9.4838716837e-08	+1.5075889913e-07	-6.8970448161e-09	-8.8477088100e-08
+3.6978781209e-08	+1.0218637978e-07	-1.6654154200e-07	+4.0344048344e-08	+1.1704989200e-07	-5.2906380093e-08
-1.3615184319e-07	+1.2390925185e-07	+1.4717670115e-07	-3.2841967431e-07	+1.0633683813e-07	+2.3644415257e-07
-2.7735606801e-07	-2.6911302174e-08	+2.6049539708e-07	-1.1661898133e-07	-1.8990991747e-07	+1.6794340910e-07
+8.0290159872e-08	-2.1651432778e-07	+9.3658557981e-08	+2.1383822850e-07	-2.9327656286e-07	+4.2859730280e-08
+2.5877312135e-07	-2.3813220926e-07	-7.4928590211e-08	+2.0328293401e-07	+3.3673089570e-08	-1.4832099093e-07
-7.5409792801e-08	+2.1111239816e-07	-4.8018856060e-08	-1.8525983004e-07	+2.5786647997e-07	-8.8583443520e-08
-1.6261547800e-07	+2.1054561221e-07	+4.1792111421e-08	-2.1701294862e-07	+3.4779195613e-08	+2.4839122662e-07
-2.7866481662e-07	-2.2336847714e-08	+2.7234885653e-07	-2.0632464882e-07	-9.4968471852e-08	+2.0719683671e-07
+1.2253723682e-08	-1.9890242081e-07	+7.4452870399e-08	+1.7796528823e-07	-1.8754319670e-07	-6.5229126622e-08
+2.8511399143e-07	-1.3450851091e-07	-1.8025542456e-07	+2.4901490320e-07	+2.8246443460e-08	-2.6882683804e-07
+1.2408127834e-07	+2.4236578061e-07	-3.5527167999e-07	+2.0323222860e-08	+2.8429359831e-07	-2.2945199903e-07
-3.1741954459e-08	+2.0005336344e-07	-1.0380635443e-07	-1.8667464965e-07	+1.7200893901e-07	+1.5500272482e-07
-1.8280346432e-07	-7.5357730556e-08	+2.1704917593e-07	-1.1940392274e-07	-8.3640351383e-08	+2.3688377961e-07
-9.5485441435e-08	-1.7273120781e-07	+6.7110507651e-08	+2.5785119767e-07	-2.3284870660e-07	-1.0427169191e-07
+3.4076011595e-07	-2.7161345739e-07	-5.5041488304e-08	+2.7296362372e-07	-1.0512438250e-07	-1.7433669240e-07
+1.1117064880e-07	+1.4742109344e-07	-2.2984045015e-07	-2.8259748370e-08	+3.0334531186e-07	-1.6852162461e-07
-1.7108977816e-07	+3.0390095297e-07	-6.6466081861e-08	-1.6979367814e-07	+1.2676687072e-07	+1.0387220691e-07
-1.6939344830e-07	-1.0758836157e-07	+3.3731915241e-07	-2.0316565679e-07	-1.8795582979e-07	+3.6989841365e-07
-1.3860181235e-07	-1.8461458624e-07	+2.0936559102e-07	+4.9069452306e-08	-2.3238880677e-07	+1.8469276349e-08
+2.8852823866e-07	-1.7291814146e-07	-1.6954228518e-07	+2.4816610207e-07	-5.5279095581e-08	-6.8121754198e-08
+1.0251863658e-07	-3.1786632942e-08	-1.2851250472e-07	+3.3217650925e-08	+2.7121402017e-07	-2.6791518411e-07
-2.0550136892e-07	+4.5236813035e-07	-8.7374511695e-08	-3.7085056968e-07	+2.9280881745e-07	+1.9496937794e-07
-3.3589059147e-07	-8.2067219285e-09	+3.0256225914e-07	-1.7267821979e-07	-1.1103239178e-07	+2.4365334738e-07
-1.4289473480e-07	-6.5763546174e-08	+1.8075909917e-07	-4.4678587723e-08	-1.1248461518e-07	-1.0197628057e-08
+1.9424520862e-07	-1.3325412259e-07	-1.6092643975e-07	+3.2707260602e-07	-9.9274428308e-08	-2.1547677536e-07
+1.6363324945e-07	+4.8296574198e-08	-1.5676579375e-07	+1.1160134922e-08	+2.4976273464e-07	-2.6945523079e-07
-7.8641621327e-08	+3.9026911076e-07	-2.3245337205e-07	-1.3464114059e-07	+2.6179396063e-07	-5.2997524365e-08
-1.7485619102e-07	+1.3355486428e-07	+1.4785434904e-07	-2.8383315545e-07	-2.8122216123e-08	+3.5630566103e-07
-1.8569983900e-07	-1.9381993183e-07	+2.6827121525e-07	+3.1504019035e-08	-2.4381772661e-07	+5.3545843792e-08
+2.5511603685e-07	-2.6002564587e-07	-3.5155799978e-08	+3.0024319510e-07	-2.8220413065e-07	-3.2899958897e-08
+3.1676312661e-07	-1.6229710274e-07	-2.1205076603e-07	+2.0002782993e-07	+1.0482574199e-07	-2.0162775542e-07
-1.0393793473e-08	+2.3052785806e-07	-1.1535160453e-07	-1.7235523876e-07	+2.8802501731e-07	-4.3977026367e-08
-2.7228473730e-07	+1.8959963369e-07	+1.3782182416e-07	-2.7484695661e-07	-3.7731994060e-08	+3.5666760927e-07
-2.2794414873e-07	-2.1291156662e-07	+4.3610243754e-07	-1.0490387125e-07	-3.1383516179e-07	+2.3815304538e-07
+1.4171324629e-07	-2.0416570763e-07	-1.1488989788e-07	+2.8385064707e-07	-2.2125547256e-08	-2.6565678507e-07
+2.6364667521e-07	-2.4641121942e-08	-2.0391139268e-07	+1.7229582917e-07	+7.0227582686e-08	-1.6584280225e-07
-7.6577332033e-08	+2.7095968276e-07	-1.0440045095e-07	-2.0025008016e-07	+2.7335855132e-07	-4.5694376342e-08
-2.4005494511e-07	+2.1939592082e-07	+1.1292436840e-07	-3.0360317808e-07	+6.5384733451e-08	+2.4645605155e-07
-1.7981104164e-07	-1.3084723082e-07	+2.2228133667e-07	+1.4593893650e-08	-2.1274180027e-07	+1.3188484420e-07
+1.5081221248e-07	-2.5167795306e-07	+1.8053536141e-08	+2.9650243003e-07	-2.4368815356e-07	-1.7362630777e-07
+3.5490669969e-07	-2.2289361426e-08	-3.0726834023e-07	+1.3610551969e-07	+1.4975839811e-07	-1.7422580221e-07
-3.9670891755e-08	+2.2277736991e-07	-1.2063718489e-07	-2.2976356530e-07	+3.5944202173e-07	-2.5989840959e-08
-3.4107888881e-07	+2.5940338213e-07	+9.8552183816e-08	-1.8675312634e-07	+5.6254219892e-09	+1.3439520757e-07
-5.7849951636e-08	-1.2996573148e-07	+2.3776817382e-07	-1.1319426347e-07	-1.7540866360e-07	+2.6716423132e-07
-3.3475560753e-08	-1.5291148547e-07	+8.9925321661e-09	+2.3382088121e-07	-1.4772377317e-07	-2.1484581028e-07
+3.9444939782e-07	-1.1595909381e-07	-2.9040696843e-07	+2.7097952242e-07	+9.4948943517e-08	-2.5077229505e-07
+1.0624812100e-08	+2.0304278150e-07	-1.2076460649e-07	-1.5701068021e-07	+2.2703506440e-07	+7.6936065425e-08
-3.3298159721e-07	+1.4314038413e-07	+2.5273649137e-07	-3.5631566875e-07	+6.9972523183e-08	+3.0259366472e-07
-2.8551095771e-07	-8.7394826889e-08	+3.1364698794e-07	-7.7439599806e-08	-3.1639878960e-07	+2.8866557252e-07
+1.0459324287e-07	-3.1484695906e-07	+1.2757863318e-07	+1.2794728369e-07	-1.2156189291e-07	-1.2710810502e-07
+2.0925215493e-07	+2.7194619098e-08	-2.5945322168e-07	+2.3802044026e-07	+2.5417708351e-08	-1.9365646525e-07
+1.0208766097e-07	+1.1698144421e-07	-1.1459062851e-07	-1.5591285191e-07	+2.8441912170e-07	-4.8430100345e-08
-2.6215534274e-07	+2.3033088196e-07	+4.0442847023e-08	-1.4211564520e-07	+4.1610997411e-08	+8.5160865207e-08
-1.3354640952e-07	-7.3115352936e-08	+2.4764387320e-07	-6.6677139174e-08	-2.7028759325e-07	+2.4756691113e-07
+1.5203361505e-07	-2.9285444339e-07	+1.6907384409e-08	+2.0502747805e-07	-8.0717661091e-08	-1.4444635795e-07
+1.3272629243e-07	+4.0225609453e-08	-1.7230015886e-07	+1.0064207334e-07	+1.3949456631e-07	-2.1733414144e-07
-1.8281789265e-08	+2.5730212820e-07	-1.8140980602e-07	-6.8515496644e-08	+2.2355232250e-07	-8.3378332202e-08
-1.5902711839e-07	+1.8917664045e-07	+7.5245193680e-08	-2.4940487384e-07	+1.2916774890e-07	+9.5215018052e-08
-1.3285231913e-07	-5.3573917478e-08	+1.3950981320e-07	+1.4772995156e-08	-2.3638819631e-07	+1.6042461970e-07
+3.9736004175e-08	-1.3936582469e-07	+7.0917950900e-08	+2.6409490185e-08	-6.1216833248e-08	-3.0786352145e-08
+1.9001773006e-07	-5.5142703730e-08	-2.6369466621e-07	+2.3066931645e-07	+1.5226799496e-07	-2.7982844126e-07
+4.5756794622e-08	+1.6244302766e-07	-1.0815502516e-07	-4.6158073788e-08	+7.6174194248e-08	+1.8027815137e-08
-1.1184396856e-07	+7.1993656788e-08	+1.3142862263e-07	-2.0549723949e-07	+3.4367246479e-08	+1.8074381290e-07
-1.7844393156e-07	+7.3246721620e-10	+1.4995437071e-07	-1.1509834079e-07	-1.0278590907e-07	+1.4872807480e-07
+7.9832127206e-08	-1.8263148248e-07	+1.6040015368e-08	+1.2859267122e-07	-1.3782970957e-07	-2.4908032722e-08
+9.1961752999e-08	-4.3648161865e-09	-6.7101303794e-08	+1.4233712192e-08	+1.2659828382e-07	-1.4486321499e-07
-1.6307650013e-08	+2.0819629476e-07	-1.6166245218e-07	-5.0828142876e-08	+1.4456953263e-07	-1.8526988792e-10
-1.3917779564e-07	+3.6211984004e-08	+2.1690682427e-07	-2.8755471975e-07	+2.7068188181e-08	+2.2393708213e-07
-2.0698729980e-07	+4.5542435089e-08	+3.7107142348e-08	+5.4210656391e-09	-2.5116300868e-08	+6.8483505258e-09
+7.6482093910e-08	-1.4939988060e-07	+5.8968602901e-09	+1.8861359985e-07	-1.2277861064e-07	-1.3643521030e-07
+2.2680316225e-07	-3.9557832036e-08	-1.7308882747e-07	+1.7029934811e-07	+5.1590753560e-08	-2.1455849245e-07
+5.9813078422e-08	+2.0627644190e-07	-1.5970378635e-07	-1.5608540124e-07	+2.2430653040e-07	+1.0662226646e-07
-2.9925644658e-07	+3.4694163201e-08	+2.5135757403e-07	-1.8701507640e-07	-7.6230370291e-08	+1.6102396789e-07
-7.1858210030e-08	-5.5254015285e-08	+9.0961740372e-08	+8.6724856530e-09	-7.3149795374e-08	+5.0819250126e-08
+9.4289913859e-08	-1.9971738903e-07	+8.2951488868e-08	+1.7100994279e-07	-2.4700405174e-07	+7.1787591187e-08
+1.2315005617e-07	-7.6939628420e-08	-5.3987654563e-08	+7.1007196651e-09	+1.5619755694e-07	-1.8629911996e-07
-2.0781146089e-08	+1.8662008860e-07	-1.6086445015e-07	+2.4192425370e-08	+5.4785623301e-08	+1.7313718840e-09
-9.3411906723e-08	+1.5444201797e-08	+1.6363755268e-07	-2.6322525678e-07	+7.1519588589e-08	+2.1910131677e-07
-1.9299276209e-07	-1.9770290077e-08	+1.2987581363e-07	+1.5591910028e-08	-1.4730071289e-07	+1.2062531124e-08
+1.2704044487e-07	-6.5899811644e-08	-4.5472730781e-08	+1.0209679453e-07	-3.0790857138e-08	-9.0886459481e-08
+1.0438951339e-07	-1.5437452575e-08	-5.2060290415e-08	+7.5372013385e-09	+2.2349037037e-08	+3.1321274039e-08
-1.0792356305e-07	+1.1050461633e-07	+1.7643830097e-08	-1.2184133544e-07	+1.1173125968e-07	-5.6860023524e-08
-4.9652494858e-08	+7.4884564913e-08	+3.9151030949e-08	-7.2686844248e-08	-5.1935982639e-08	+1.5727345436e-07
-1.1275987257e-07	-6.2419740930e-08	+1.3353696976e-07	-6.3040873944e-08	+7.0384911960e-09	-1.1404904237e-09
+5.7525356089e-08	-4.1747264405e-08	-9.9180818135e-08	+1.9063324501e-07	-9.4603614657e-08	-7.3004926729e-08
+1.6994555286e-07	-1.1801565670e-07	+1.9468660234e-08	+6.4033823373e-08	-7.2503572612e-08	-5.3327883000e-08
+3.0122305386e-08	+1.7488055970e-07	-1.7300011526e-07	-6.7041207697e-08	+1.7007579729e-07	-1.9326443900e-08
-8.3348279412e-08	-1.2945029058e-08	+1.2535913803e-07	-6.3071389520e-08	-9.5636485444e-08	+8.1310436984e-08
+2.3657392130e-08	-8.9366988851e-08	+7.4452112725e-08	+1.8168878165e-08	-1.4700999584e-07	+1.2589347651e-07
+2.4477709438e-08	-9.9798401622e-08	+2.0418858942e-08	+1.2840780437e-07	+3.4823635507e-09	-2.3229568418e-07
+1.9242842051e-07	+1.0068266603e-07	-2.4758934836e-07	+9.6347981284e-08	+7.7958030112e-08	-7.8718223408e-08
-7.4586439890e-08	+1.1204466693e-07	+2.4906865653e-08	-1.7660223164e-07	+1.3535630575e-07	-2.7914359535e-08
-3.4894690043e-08	+8.9843195560e-08	-5.2417452859e-08	+2.6971407924e-08	-4.1736841713e-08	+7.6249752343e-08
-7.4206966203e-09	-9.7987696421e-08	+1.0538440308e-07	-4.5236682387e-08	-1.0609532993e-08	+4.5997914198e-08
-6.8452270166e-08	+4.6572753128e-08	-2.0145794403e-08	-4.2181695741e-08	+2.9611115713e-08	-9.4666321554e-09
+2.9459057552e-09	-8.9332824818e-09	+4.7344058633e-10	+1.2179890688e-09	+8.5228067614e-08	-5.4508109004e-08
-6.4701022432e-08	+1.4222415486e-07	-7.8870433667e-08	-6.7003011580e-08	+1.7301448993e-07	-1.0305736439e-07
-1.0304683587e-07	+1.5903819140e-07	-1.0611612416e-07	-3.9240794939e-08	+9.5773162833e-08	-1.6102211412e-08
-4.7330258899e-09	-2.1472468766e-08	+6.5785245948e-08	+4.8422342665e-09	-3.4888703400e-08	-4.7415622979e-08
+3.3786442520e-08	+1.0086404181e-07	-1.1515830974e-07	+1.9795698586e-08	+8.5838933231e-08	-1.4395787663e-07
+5.7606458002e-08	+7.5279323127e-08	-1.1124330595e-07	+3.8524059106e-08	-2.3256993837e-09	+3.3905999039e-09
+1.7800402891e-08	-2.2792933405e-08	+3.4006487485e-08	-1.0004531990e-07	+8.9635283059e-08	+2.7416832224e-08
-1.4296684963e-07	+8.9569530810e-08	-4.5515764051e-08	+1.2361919098e-08	+8.3641391932e-09	-1.5971585395e-08
+7.5607159477e-08	-1.4044658687e-07	+1.4313698825e-07	+1.0898786645e-07	-1.5682954495e-07	+5.8053917857e-08
-2.4766100704e-08	+4.2435583487e-08	+3.2328600765e-08	-8.3135826561e-08	+7.5884053668e-08	-7.8837181924e-08
-1.2679558415e-07	+3.4176080798e-08	+4.5320612984e-08	-4.7766252964e-08	-1.4761457859e-08	+1.4473824575e-07
-7.8511941996e-08	-5.4064185584e-08	+1.3929678292e-07	-1.4630990386e-07	+7.8161715823e-08	+2.8284443357e-07
-1.5026501198e-07	-2.6604279211e-08	+9.2466118784e-08	-1.0229314000e-07	+1.2545393828e-08	-1.0814218597e-07
-3.6638363241e-08	+8.9934976243e-08	-1.0716348632e-07	-4.5087692306e-08	-1.0675607097e-07	+6.8504857078e-08
+1.6930106636e-07	-6.5467080156e-08	-2.5933048018e-08	-4.1645317322e-08	+1.1430911971e-07	+6.2518095572e-08
-3.6349170320e-08	+9.1592067084e-08	+1.0840568203e-07	-5.7988091017e-08	-2.0581014650e-07	+1.2695003334e-07
-8.5288917153e-10	-1.4206130482e-07	+5.8705125726e-08	-7.9546321924e-08	-1.8534648355e-08	+1.2563517960e-07
+5.4768854886e-08	-1.6602245485e-07	-4.7301185325e-08	+1.4029716800e-07	-8.1867479305e-08	-1.9513021150e-08
+2.0595079270e-07	-5.4951453468e-08	-1.3483875041e-07	+4.7648187905e-08	-3.5714750386e-08	+1.5733247959e-07
+2.8269529273e-08	-7.1683057581e-08	-1.0041669013e-08	-1.3299783466e-07	+1.7609936532e-07	+6.4204001560e-08
-1.7444300240e-07	+1.3198834867e-08	+2.3557253078e-08	-7.3325851441e-08	-2.5440708205e-08	+5.2446956754e-08
+9.3559725084e-08	-2.0152112495e-07	+5.0296909347e-08	+2.8416860496e-07	-2.9496081233e-07	+2.1726351859e-08
+9.3119824880e-08	+2.7260324212e-08	+1.4360732208e-07	-9.4511866352e-08	+3.8811528798e-08	-9.0666530796e-08
+1.0565933702e-07	-1.0475883105e-07	-2.4734455778e-07	+3.0927193800e-07	-6.7418075413e-09	-2.1160711981e-07
-6.3940212291e-08	-1.7820261816e-08	-6.1432135400e-08	-5.6878016114e-09	+2.2952092794e-07	+1.1185741453e-07
+5.5603944416e-08	+1.0638633180e-07	-4.9709570590e-08	-1.5077078244e-07	-1.5910126079e-07	+1.2307268584e-07
+2.0513201325e-07	-1.1234234468e-07	+1.8829149460e-07	-7.8104901087e-08	-3.5373756451e-07	+2.0509961911e-07
-3.8019061376e-08	-2.4344033220e-07	-1.5697982418e-09	+1.6094604316e-07	+7.5803249375e-08	-1.0046018827e-07
+6.8655279158e-08	+1.0114550692e-07	-3.0114391354e-07	-2.6439971682e-08	+4.4592624910e-07	-2.6892722264e-09
-3.3509342940e-08	+5.4910558165e-08	-7.2831212588e-08	-1.9906274204e-07	-1.8624879273e-07	+1.9950872474e-07
+2.0557653948e-07	+1.2570807464e-07	-9.6928677645e-08	-3.1031123006e-07	-2.2182013232e-07	+1.3628048995e-07
+4.1083553010e-07	-1.1499484806e-07	-3.8004888455e-07	+1.3854215766e-07	+2.0674885851e-07	-1.0759915879e-07
+1.3358343258e-07	+9.7894726674e-09	-2.7710720919e-07	+2.1381599850e-07	-5.7705439858e-08	-1.0888286470e-07
+4.3857572553e-07	-1.1487944560e-07	-1.6843171038e-07	+1.6867863348e-07	-1.1587237358e-07	-2.1469996778e-07
+1.0401670579e-07	+9.9866385332e-08	-1.6035966512e-07	+2.4318824063e-07	+2.3165019925e-07	-2.0147207499e-07
-4.4906825912e-07	-1.9330902088e-07	+4.7740779575e-07	-2.3826164585e-08	-2.3851837804e-07	+4.0923016421e-07
+5.2188345814e-09	-4.1349510146e-07	-2.4421363331e-08	+4.6066851643e-07	+1.5099811038e-07	-1.0897225823e-07
+3.1869749093e-08	-3.5009236431e-07	+1.2786427936e-07	+1.6046323488e-08	-3.1824977611e-07	+3.8698186840e-07
+2.4898515670e-08	-1.9531463930e-07	-2.7681581020e-07	-2.2267157610e-07	+3.9496012639e-07	+1.7533997983e-07
+1.1868809898e-07	+7.4648093030e-08	-4.2720286020e-08	+5.2249981925e-08	+1.1507605922e-07	+1.3152627303e-07
-5.1239326040e-07	-1.3812226570e-07	+1.8642259777e-07	-2.9318068082e-07	+1.2332415124e-07	+2.6846788563e-07
-2.2656058711e-07	-1.9914101276e-07	+3.4037841788e-07	+4.5062974397e-08	-1.1044260331e-07	+6.5319160882e-08
-6.7874173779e-08	+3.8773729762e-08	+3.1068911251e-08	+1.6345307963e-07	+2.7368274773e-08	-1.7499356314e-07
+1.5536674347e-07	+1.2502786426e-07	-4.6468814137e-07	-6.7879088152e-08	+3.5430557627e-07	-2.1109105248e-07
-1.8727763976e-07	+8.5064176797e-08	+1.6139872124e-08	+3.2248852664e-08	+1.9909820093e-07	-6.4518730259e-08
-4.0556744805e-08	+1.6740135283e-07	+4.0538590233e-08	+2.0033033821e-07	-8.7593195205e-08	-1.5862660410e-07
-5.9080258918e-08	-3.3068816257e-07	-1.2937977887e-07	+4.2614168717e-07	+9.3236524803e-08	-4.8988263066e-07
+2.3633323024e-07	+3.0486292085e-07	-1.9203824405e-08	-4.2202755624e-08	-2.9135583841e-07	+2.2780854287e-07
+1.4452978608e-07	-2.7676119161e-07	-1.8642942705e-07	+1.2909849114e-07	+2.2454411653e-07	-1.5567042907e-07
-6.0349756681e-09	+1.7710373736e-08	+1.1406663854e-07	+1.6639306135e-07	-7.4790260440e-08	+7.1640492973e-08
-2.1148601650e-07	-1.4377025055e-07	+3.2221092791e-07	-2.7719135826e-08	-2.3292104060e-07	+2.0707656113e-07
+2.4274874273e-08	-3.4848260797e-07	-1.1802859223e-07	-8.6538282174e-09	+1.5462578494e-07	+2.6847385740e-07
-7.2852537487e-08	-1.9934715132e-07	+1.0882603471e-07	+1.6806083950e-07	-6.2590425975e-08	+5.5306507963e-09
+4.3211584252e-08	-4.7297280815e-08	+6.9285678496e-08	-2.0651084612e-07	-1.6229723896e-08	+3.3205272658e-07
-2.7869813957e-07	+7.5702695766e-08	+2.6689220314e-07	-2.5921337069e-07	+3.2551249862e-08	-2.5412205463e-08
-4.1757270799e-07	-6.8215915562e-09	+5.5814761889e-07	-7.8955933651e-09	-1.6519866243e-07	+2.2072237200e-07
-1.5724550410e-07	-2.4903956931e-07	-4.2263921353e-08	+1.2718208850e-07	+1.5285522563e-07	-1.9269597746e-07
+5.5877572736e-08	+4.4251616638e-07	-2.3970352522e-07	-2.7437737209e-07	+2.0814062593e-07	-9.9715489482e-08
-1.0061811736e-07	+1.7616877591e-07	+2.3100383973e-07	-4.9235366727e-08	-1.3961030416e-07	-1.2560138937e-08
-1.7617477126e-07	-1.4004858950e-07	+3.9340266381e-08	+1.5132190416e-07	+1.3023511454e-07	-3.0028332673e-08
+6.3930352985e-08	+1.1738296786e-07	-1.9846762065e-07	-2.5140503503e-07	+2.7539586163e-08	+3.4742628444e-07
+2.4622793887e-07	-2.3693462841e-07	-2.2484980660e-07	+6.8062771216e-08	+1.5258270541e-08	-2.5301057621e-07
+9.5843288073e-08	+2.5306547288e-07	-1.7468225406e-07	+1.1287419378e-07	+3.1136043530e-08	-2.5263525300e-07
+1.4957549966e-07	+1.3730345348e-07	+2.8426787787e-08	-8.7838294109e-08	-8.4499669336e-08	+1.3571688687e-07
-2.4893124676e-07	-6.4806893265e-08	+3.0486190862e-07	-8.6378660228e-08	-1.1517856029e-07	+1.6528036302e-07
+1.9448550896e-07	-2.0649777605e-07	+4.5340225217e-08	+9.7106667240e-08	-3.9300562480e-07	+2.8137821997e-07
+1.5106302852e-07	-3.2239876485e-07	-3.0771526476e-08	+5.9507347785e-08	+9.6447143201e-09	-2.1560134360e-07
+2.4228229973e-07	+2.8990272191e-07	-2.4264735213e-07	-2.2649502600e-07	+1.1512032225e-08	+2.1099848658e-07
+1.5608129207e-07	-2.3318845175e-08	+1.4097436315e-08	-1.3396943542e-08	-4.4673594333e-08	+6.0081791356e-08
-3.6708918660e-07	-1.5861782914e-08	+3.5090435752e-07	-1.3058316961e-07	-7.6225725903e-08	+1.5674253073e-08
+1.3370913476e-07	+1.6386003056e-08	-1.7293533600e-07	+4.2108854753e-08	+1.7450484914e-08	-1.6172858225e-08
+1.4270654947e-07	+5.6809864783e-09	-8.8584726054e-08	-1.8369992845e-07	+4.9237416813e-08	+1.1846073372e-07
-7.3289730186e-08	+2.7608667607e-07	-2.5967669047e-07	-8.0752531923e-08	+3.6153076185e-07	-2.1783759109e-07
+9.4316720076e-09	+3.0497272707e-07	+5.2074808495e-08	-3.8392508533e-07	-1.2287801398e-07	+1.2773691081e-07
-2.9626436358e-07	-4.3336261724e-08	+2.8391530008e-07	+6.3584252309e-08	-3.2047517898e-08	-3.7993699866e-08
+5.6027014037e-08	+4.3592075818e-08	+5.8076795326e-08	+2.7006754466e-07	-2.4247855975e-07	-3.2271229170e-07
+3.7727850254e-07	-5.5770110264e-08	-3.8478769545e-07	+1.6112429851e-07	+1.7392570334e-07	-1.0551598377e-07
-7.5746609483e-08	+6.3886028309e-08	-4.5456970233e-08	+1.5498152227e-07	+3.0703095786e-07	-1.9852249758e-07
-2.5428870631e-07	+5.7768481406e-08	+1.3419233286e-07	+4.6392134579e-08	-7.7150941485e-08	+2.6742292348e-08
-1.6245859716e-07	-2.3994248343e-07	+2.7368181731e-07	+8.7384692513e-08	-4.2383239390e-07	+5.4633024991e-08
+2.9709174459e-07	-1.3187543315e-07	+1.2779469546e-07	+3.2012104918e-07	-1.2388881421e-07	-2.5665436444e-08
+2.7784453904e-07	-2.9258554146e-07	-2.2606654072e-07	+2.4575488371e-07	-1.9142894201e-07	-1.8492879198e-07
-1.0333667866e-07	+1.8648013012e-07	+7.4178835024e-08	-2.1791028764e-07	+4.5786453262e-07	-2.7303931451e-08
-3.4896385684e-07	+2.3852478206e-07	+1.9067343325e-07	-7.0061600104e-08	-1.5651647671e-08	+1.1576476093e-07
-1.9899293207e-07	-8.6915942131e-08	+1.4261401107e-07	-2.3569004507e-07	-2.4330315380e-07	+2.4648042796e-07
+6.7415662000e-08	-2.3648741631e-07	+1.3576415495e-07	+2.7641489521e-07	+6.7284804206e-08	-2.6500391480e-07
+3.9727087233e-09	+1.9983610728e-07	-2.0892603773e-07	+1.1632184726e-07	+3.4487424246e-07	-8.6631807680e-08
-2.5117561702e-07	-6.3276587503e-08	-1.5044036824e-07	-9.3594606224e-08	+2.9676074972e-07	-1.4287467772e-07
-2.9614018288e-07	+3.5662414651e-07	+1.4748446710e-07	-2.3221974240e-07	+1.6284295108e-07	+4.5459956940e-07
-7.1552786914e-08	-3.8949267846e-07	+1.8289818029e-07	-2.0370989526e-08	-5.7980294937e-07	-2.6001659746e-08
+3.9828473643e-07	+4.4775388913e-09	-2.5853845238e-07	+2.0265276166e-07	+1.6394439435e-07	-2.8256068254e-07
+2.2776007784e-07	+1.1702893974e-07	-1.7735791552e-07	+1.7358806842e-07	+7.6642833058e-08	-1.4227433031e-07
-1.7414431496e-07	+1.6256072083e-07	-1.5830334155e-07	-2.6906700361e-07	+4.7840318861e-07	+6.9644817587e-09
-4.1369999419e-07	+2.8635138860e-07	+3.1584049104e-07	-2.6060284043e-07	-1.2290421470e-07	+2.4634541734e-07
-7.6493443670e-08	-3.2731409335e-07	+2.4852148923e-07	+1.9980894315e-07	-4.4829563960e-07	+2.9360150566e-08
+3.4130900555e-07	-2.2483889287e-07	-4.5445584294e-08	+3.1714543262e-07	-8.9489272900e-08	-2.5641692906e-07
+1.3477521543e-07	-5.5777960679e-08	-3.0122076987e-07	+3.2748020416e-07	+2.2342870709e-07	-2.5094704636e-07
+8.3247734622e-09	+5.8427219668e-08	-1.0802143906e-07	-4.2784318103e-08	+3.7320767615e-07	+2.9012352978e-07
-1.6151581008e-07	+6.5901348365e-09	-2.8029218468e-07	-4.6608430110e-07	+1.8469786219e-07	+2.5323462919e-07
+3.4126857361e-08	-1.6132905966e-07	+2.0470586724e-08	+4.8857004955e-08	-3.4196943650e-07	+2.2006154399e-07
+2.0352623993e-07	-1.9430853217e-07	+7.6580448439e-08	+2.7972375233e-07	-2.7049526027e-08	-3.2597993002e-07
+1.1902245354e-07	-1.4225506945e-07	-1.7572289063e-07	+5.4666503267e-07	+2.1713429857e-07	-3.6335713581e-07
+6.6313720608e-08	+4.8653036237e-08	-6.5430094555e-07	-4.2825433742e-08	+5.4697240798e-07	+7.6002212472e-08
-2.2876442642e-07	+2.3105402678e-07	+4.0254989504e-07	-3.7162414885e-07	-2.8933705735e-07	+1.3703600167e-07
-7.2028740508e-08	-6.4290709775e-08	-6.4258847682e-08	-8.2939853291e-08	+2.4794725078e-07	+4.3670818011e-07
-1.8390082897e-07	-4.3605302604e-07	+1.2945922850e-07	+1.7892832674e-07	+4.6563740167e-08	-2.4677020254e-08
+1.3265272108e-07	-7.2164368595e-08	-4.4853953384e-07	+2.4191535305e-07	+9.4770552238e-08	-3.7647231442e-07
+2.8662065529e-08	+1.7074149180e-07	-1.0742783902e-07	-6.8822260295e-08	+3.9087556003e-07	+5.6136377761e-08
-2.4346164099e-07	+1.3515504668e-07	+2.4240585245e-07	-5.0413869148e-08	+6.7401398718e-08	+2.1443218806e-07
-3.2408317987e-07	-3.6849546476e-07	+2.5419696184e-07	-2.0638780705e-08	-7.3863137850e-07	+3.1609385414e-07
+5.4877590461e-07	-4.2672630833e-07	+2.0457654491e-08	+2.7953465915e-07	-4.7055748147e-08	-9.4396091305e-08
+2.7106270105e-07	+3.0311806606e-08	-3.6519282882e-07	+2.1748811656e-07	+1.5977057319e-07	-2.8774952001e-07
+7.5173220843e-08	+1.6113857813e-07	-2.1020009281e-07	-1.5924488758e-07	-1.2801070157e-08	+4.2650168371e-08
-3.2985112618e-08	+1.5371003991e-07	+2.7628365293e-07	-1.2967630370e-07	+1.5220260232e-07	+3.5013852391e-07
-4.6154080191e-07	-6.1554193834e-07	+2.1857826777e-07	+2.5558050066e-07	-5.6492906084e-08	+1.2762504996e-07
-1.6104614609e-07	-2.8221708046e-07	+1.9956345963e-07	+2.2077630887e-08	-1.3751122884e-07	+3.7551132798e-07
+1.6563553257e-07	-4.8934768317e-08	-1.0349860226e-09	+1.1296716167e-07	+1.4531261638e-07	-5.2161788008e-07
-1.1874195173e-07	+3.4282456759e-07	+2.1859704195e-08	+5.0102879431e-08	-3.5731481603e-07	-6.5472635830e-07
-1.5380553316e-07	+6.4907770307e-07	+6.1789244247e-07	-2.5650006833e-07	+1.0557599565e-08	+3.0762575900e-07
-4.2944660346e-07	-4.6932372599e-07	+8.8218856777e-09	+2.8425667711e-07	+4.5703097013e-07	+5.3405132807e-07
-3.6705810554e-08	-3.5597558712e-07	-2.1358017270e-07	-4.1805330279e-07	-4.9403794601e-07	-7.1511764698e-08
+8.6185833981e-07	+5.1564230756e-07	-2.7560489054e-07	-1.9066970340e-07	-9.6885890956e-08	+5.6731347178e-08
-2.1255746602e-07	-4.2164432735e-07	+1.8408755266e-07	+7.6549682292e-07	+1.8210999352e-07	-4.3546881928e-07
-3.6532881295e-07	-4.6179309359e-07	-2.5424201992e-08	+4.9587324743e-07	+3.8350301513e-07	+9.9299855894e-08
-1.0131776211e-07	+1.4332715509e-07	+2.7586555466e-07	-1.7342192237e-07	-3.9864738059e-07	+2.2759820712e-07
+6.8726618564e-08	-5.9724296554e-07	+8.8104225705e-10	+1.2126771456e-07	+1.7916091694e-08	+1.2526898050e-07
-2.3473729981e-07	-2.8337446073e-07	+2.7239023306e-07	+5.8252897873e-07	-2.1972125236e-07	-2.8655661369e-07
+3.1897170030e-07	+1.3285811916e-07	-4.2260966016e-08	-2.1035298652e-07	+1.6401200493e-08	+3.5890367869e-07
-1.0788271144e-07	+4.2151818065e-08	+1.2812575556e-08	-5.8439493864e-07	+9.7237343578e-08	+2.3722053090e-07
-6.8609023752e-07	-3.5835260610e-07	+3.5630235292e-07	+3.0657881574e-07	+3.8398890399e-07	+2.7126549894e-07
+1.8763749813e-08	-1.6011635990e-07	+7.4032717085e-08	+3.1254983481e-07	-1.5581155884e-07	+1.1033815556e-07
-1.6319626119e-09	-7.5099636766e-07	-3.3571321552e-07	+1.0421591817e-07	-3.5512597304e-08	+8.6607225716e-10
+4.6135113421e-07	+2.1426338490e-07	-5.2576029698e-07	+2.7422463228e-07	+4.3147869186e-07	-4.4519401571e-07
-3.9507205939e-07	+1.6692224034e-07	+5.7833654820e-07	-1.7889677959e-07	-4.9600926362e-08	+5.2049605666e-07
-2.7848872788e-07	-3.6927647914e-07	+3.5205100197e-07	+3.5608757869e-07	-5.5450744121e-07	-7.6477007801e-07
+3.2925967380e-08	+4.7098181766e-07	+2.6574632328e-07	-1.4849242624e-07	-3.4434001500e-07	+4.3918500670e-07
+4.1813485622e-07	-6.7046627115e-07	-2.6465147169e-07	+3.9347079806e-07	+3.0555960714e-07	+7.3464481379e-08
+2.8418130450e-08	-1.0371863448e-07	-6.1577971027e-09	+2.4316810602e-07	-5.7769455538e-07	-6.3220168741e-07
+4.8268174615e-07	+4.9298403418e-07	+6.8972988199e-08	+9.9286909927e-08	-2.2308720636e-07	-5.3032406991e-07
-5.3792391597e-07	+3.0529573893e-07	+4.6767171122e-07	-1.5017878700e-07	+6.3388554313e-07	+8.2631524799e-07
-7.7370023022e-08	-9.6612801094e-07	-5.5047071854e-07	+9.2141480372e-08	-3.0079417452e-07	+2.4751602462e-07
+3.5685658838e-07	-5.2644744865e-08	+2.7904685678e-07	+2.6577265229e-08	-4.1911870810e-07	-6.1836730030e-08
+4.3144134529e-08	+4.6513499588e-08	+2.4391159767e-07	+3.1236155352e-07	+1.6543142656e-07	-4.4744081124e-07
-1.7340308460e-08	+1.3678861287e-07	-3.3701813926e-07	+3.6451921722e-07	+3.9405346562e-07	-7.5194657618e-07
-6.8867899103e-07	+5.1870451250e-07	+1.9489739053e-07	-7.0355868722e-07	-2.5847078899e-07	+6.1966301594e-07
+1.0373432770e-06	+4.4807141961e-07	-6.5273844500e-07	-9.9266549395e-07	-1.0660579459e-07	+8.0811456293e-07
+3.1506063110e-07	-5.2855203388e-07	+1.7824509473e-07	+5.7323063419e-07	-2.9078423272e-07	-8.3913731139e-08
+1.2232634816e-07	-4.8784769385e-07	-7.5605405753e-07	-9.6798003613e-08	+8.4030090029e-07	+5.5158973928e-07
+1.2223117017e-07	-3.4472221605e-07	-6.9060660945e-07	+1.6143594257e-07	+2.2471406688e-07	-4.0534793414e-07
+1.6042251304e-07	+8.7726724693e-07	+4.5978123643e-07	-9.2466805518e-07	-1.0876741059e-06	+4.4403618981e-07
+6.7824128893e-07	-1.3728084382e-07	-3.4089903348e-07	+2.0677806340e-07	+4.3856831005e-07	+1.9540467854e-08
-6.8798347519e-08	-2.4243465161e-07	-4.2729034492e-08	-1.0627321432e-07	-2.3275540225e-07	+4.0256434442e-07
+3.3861883160e-07	-1.0469790335e-07	-1.0433855078e-07	-4.6932203664e-08	-2.0289273345e-07	+1.1437224085e-07
+3.9006649514e-07	-2.9314260021e-07	-6.5769194508e-07	+2.8388250524e-07	+6.0721061055e-07	-4.5606120521e-07
-3.4610605866e-07	+3.9035140610e-07	+3.0881829466e-07	-2.4987769706e-07	-4.6682612310e-07	-1.6405000242e-07
-7.0907395792e-08	+6.7424366814e-07	+5.7918843955e-07	-4.5550738690e-07	-3.4194111224e-07	-1.8256625729e-08
+4.5166193872e-07	+6.5971160883e-07	+1.1465209300e-07	-5.7365514918e-07	-8.8799563754e-07	+1.2801662367e-07
+7.5879789928e-07	-1.1846508845e-07	-1.6828948156e-07	+5.8619458965e-08	-2.7665230177e-07	-4.1124165587e-07
-7.5905685438e-08	+5.2028616884e-07	+5.6447721710e-08	-2.2491878991e-07	-3.0325178054e-07	+2.0531806412e-08
+7.6153390093e-07	-9.7877127811e-09	-2.5714622220e-07	+3.0633455028e-07	+1.4092303909e-07	-2.3485649010e-07
+3.7574432559e-09	+3.5742685427e-07	+1.7089782129e-08	-5.0666706039e-07	-5.1607304689e-07	+6.0643851878e-08
+4.2952963715e-09	-3.1821146512e-07	+4.1791912986e-07	+7.8086720509e-07	-9.5823762027e-08	-3.7169836509e-07
-2.3814636930e-07	-1.4666681543e-07	+5.5716292855e-07	+4.2203524578e-07	-5.9862945263e-07	-6.5381756170e-07
+6.2836770267e-07	+6.6511861045e-07	-5.2536414863e-07	-6.8622147442e-08	+3.3252351144e-07	-3.3983367696e-07
+8.4730729965e-09	+2.2232020082e-07	-7.7823288150e-07	-4.1651605920e-07	+7.3158024113e-07	+4.0260970286e-07
-1.6227812918e-07	-2.0485678480e-07	-2.8902192705e-07	+5.2347237686e-08	+6.0170891914e-07	-5.5258899846e-09
-3.8266838651e-07	+3.8003205583e-07	+6.5283300898e-07	-2.4739979760e-07	-7.1094196785e-07	+5.5807580127e-07
+3.8497151044e-07	-1.2672889555e-06	-7.7243400862e-07	+4.1632048513e-07	+5.1672739705e-07	+3.2904406100e-07
+1.1998454715e-07	-1.1011359229e-07	-2.5084817535e-07	+1.0595291498e-08	+3.0004822918e-08	+1.1588371919e-07
+5.2869364912e-07	+1.6348722032e-08	-5.6161196315e-07	-2.2859538272e-07	+6.3408277640e-07	+3.3227206260e-07
-8.3936172938e-07	-6.1246160498e-07	+1.2997576627e-07	+4.5460296728e-07	+3.0085743211e-07	-1.2001727623e-07
-2.4156046419e-07	+2.1525204068e-07	+4.6232547402e-07	-5.9852601113e-07	-3.6090511911e-07	+1.0278576762e-06
+2.6720663460e-07	-7.4416520140e-07	-6.3358442944e-08	+4.3486333370e-07	-2.6074935002e-07	-3.0397168645e-07
+2.0857829115e-07	-4.3496175927e-07	-6.2096746166e-07	+4.1371958209e-07	+7.0416870100e-07	+3.9365962488e-08
+9.1081383843e-08	-3.5753419290e-08	-5.9630103858e-07	+3.8934199266e-08	+5.4121075852e-07	+2.8805737925e-07
+2.7116363685e-08	-7.8037388953e-08	-2.6072318180e-07	-4.2740834492e-07	+1.6330869521e-07	+1.6332435827e-07
-6.1531742733e-07	-2.8024578702e-07	+2.3025446422e-07	+3.0060993134e-07	+6.2930601943e-07	+4.4220866317e-07
-3.2857848831e-07	-1.0296415374e-06	-1.3486202780e-07	+1.0141478721e-06	+3.4961033176e-07	-9.7020974815e-08
+7.1644867089e-08	-4.2911569863e-08	-2.8307114518e-07	-2.5666964559e-07	-2.1978620305e-07	-4.0347432801e-07
-1.7884203209e-07	+2.3320119114e-07	+1.1831187655e-07	+1.1082603649e-08	+3.1198261968e-07	+7.7803686155e-09
-3.7907703483e-07	+3.2244462716e-07	+4.8300339257e-07	-1.0869931861e-07	+6.7222708016e-08	-7.2259236718e-08
-2.4985599465e-07	+2.8715704719e-07	+4.1623826289e-07	-1.4639220178e-07	-4.7247378389e-07	-2.0119222981e-07
-3.0765912869e-07	-9.9520838686e-08	+4.7909842880e-07	+1.6608705454e-07	-3.9135992977e-07	+2.0239989110e-07
+8.2275455064e-07	-2.5408886658e-07	-6.8138676727e-07	+2.2595481072e-08	-8.9181876001e-08	-5.7372389143e-08
+5.3348744197e-07	+8.9208700741e-08	-9.3820886393e-07	-5.8000669679e-08	+6.6451737828e-07	-1.8647582401e-07
-2.8586561940e-07	+6.2865577219e-08	+5.8137334988e-07	+5.3103214261e-07	+1.5437046124e-07	-1.7666884138e-07
-7.3098598773e-07	-1.0099204068e-07	+1.6798535313e-07	-7.9652769105e-08	+3.2492790364e-07	+2.3627091613e-07
-3.5333889861e-07	-5.0854549670e-07	+5.4693154761e-08	+3.5318092655e-07	-1.2823305893e-07	-1.6031839803e-07
+3.1780000916e-07	+7.6006621341e-08	-6.5456253513e-08	-1.1901998051e-07	-3.7096823475e-07	-1.5728096472e-07
+3.5563471190e-07	+7.5252733837e-07	-1.6378767378e-07	-3.9816918589e-07	+2.0127399341e-07	+7.7952525328e-08
+3.4415519806e-07	-9.3243643739e-08	-7.4480877889e-07	-4.9893099610e-07	+2.7773182373e-07	+3.7728917973e-07
-2.7155314287e-07	+1.5495510478e-07	+4.1911633119e-07	-1.0684822135e-07	+1.6754921046e-07	+3.7325818835e-07
-2.7409845761e-07	-3.0876168456e-07	+9.9518880182e-08	-9.9347601763e-08	-5.8347808902e-07	-1.7791434109e-07
+3.4368599662e-07	+4.2643530302e-08	+1.4086946266e-07	+3.1771254921e-07	+3.0693786921e-07	+2.9409045095e-07
+1.0904210374e-07	-2.8637513437e-07	-6.9427170329e-07	-3.3344105212e-07	+8.6767277440e-08	-1.6535275329e-07
-3.1779112071e-08	+2.6927629529e-07	+1.1508755148e-07	+2.3041381919e-07	+2.6483776202e-07	+2.5849351488e-08
-2.9684973763e-07	-1.4068766447e-07	+1.1656987215e-07	-1.7078355933e-07	+3.7348238815e-07	+6.4500401324e-07
-1.4707077569e-07	-5.9027455709e-07	-5.4047008247e-07	-8.9699902113e-08	+2.2440766573e-07	+2.4798013508e-07
-2.8445294561e-08	-5.1242858736e-07	+4.1659786691e-08	+7.3001756602e-07	+9.1882645033e-08	-2.5627460394e-07
+2.0063165753e-07	-3.5713330048e-08	-2.7866978404e-07	+1.6087273687e-07	+5.0071897011e-07	-1.5022843976e-07
-6.2412941045e-07	+2.0237946030e-08	-3.5569774661e-08	+1.4598153871e-07	+2.8674093841e-07	-2.0582691891e-07
-1.8316297926e-07	+1.7712240751e-08	+1.8681825223e-07	-4.4229873720e-07	-1.9682335780e-08	+5.9841097216e-07
-3.5824270418e-07	-2.6667591484e-07	+5.3325247364e-07	+3.3227046395e-07	-2.3554070156e-07	+3.9008426385e-08
+7.8204156257e-08	-2.0664036300e-07	+2.1420174146e-07	+1.6326192947e-08	-4.5613182383e-07	-4.8778041497e-08
+3.6448334816e-07	-9.6727510752e-08	-6.4364268788e-07	+1.0308406341e-09	+7.1906748573e-07	+1.3135184983e-07
-1.1309111951e-07	+1.0772185295e-07	-5.6277259004e-07	-2.8580602443e-07	+4.7807888969e-07	-5.0583446054e-08
-1.4156104913e-07	+4.4998029671e-07	+5.5560024576e-07	-3.4266462807e-07	-7.8689504360e-07	+8.1361696805e-08
+2.7245002076e-07	+1.1312383369e-07	+1.6652765873e-07	-1.8701103208e-07	-3.0540576790e-07	+1.8741205929e-07
+3.2258025026e-07	-5.8843044621e-08	+1.8393486009e-07	+3.7989974029e-07	-4.2964717382e-07	-7.4399681790e-07
-7.7858239535e-08	+2.1553971326e-07	+5.9060225559e-08	-4.2034578650e-08	-1.6350085730e-08	-2.5063806956e-07
-4.3045683238e-08	+5.1693590039e-07	+1.2488348935e-07	+2.2581513832e-07	+5.7130278568e-07	-1.5432064472e-07
-5.7357576310e-07	-6.9079279883e-08	+1.7359833160e-07	-5.3769177517e-07	-3.2182441977e-07	+5.1936815501e-07
+9.6023573338e-08	+8.4094219751e-08	+3.5276934081e-07	-3.0898824767e-08	-1.8465551824e-07	-1.5094582664e-07
-6.7329448960e-08	-3.1791159945e-07	-1.0509178014e-07	+2.0548567020e-07	-2.4563750420e-07	+6.7270354184e-08
+4.6616763772e-07	-7.5516765166e-08	-2.5124503714e-07	+4.5852910252e-07	+3.5832678175e-07	-4.0674034796e-07
-1.3390712667e-07	+2.6325261068e-07	-1.1146969439e-07	-2.5361161789e-07	-1.1073416267e-07	-3.3394676088e-07
+9.7563393938e-08	+7.3838935212e-07	+5.2386729057e-07	-1.8778603073e-07	-6.1486727159e-07	-1.9069858640e-07
-2.2199932014e-07	-1.7255698276e-07	+5.3969316205e-07	+3.4291774355e-07	-6.3225039062e-08	+5.1941027779e-08
-1.3857064076e-07	-5.3112221800e-07	-1.3547899910e-07	+4.1485799197e-07	-2.1192370274e-07	-2.8916963610e-07
+4.4759058943e-07	+1.5991258473e-07	-2.4762315424e-08	+1.4784184548e-07	+7.5818901276e-08	-6.8306197235e-08
-2.2750312858e-07	+2.9275925052e-08	-5.9562884800e-08	+1.6911561806e-07	+7.5811542193e-07	+7.0909158207e-08
-3.8116045963e-07	-1.8919757369e-07	-3.7348164177e-07	-4.8425152832e-07	-1.0954542967e-07	+3.0494423293e-07
-1.0814672478e-07	-2.0312411110e-07	+2.2978840345e-07	+1.2350305703e-07	+9.0504447410e-08	+2.6449711224e-07
+5.8683099836e-08	-2.4187992462e-07	+1.9130738851e-07	+5.4324558588e-07	+1.3923631120e-07	-7.4458973072e-08
-2.1322963201e-07	-4.3858524896e-07	-2.6709162173e-07	+1.3820502353e-07	+1.1476105485e-08	-2.5602187007e-07
+5.4823526092e-08	+1.4386311499e-07	+2.6587225517e-08	+1.2379455644e-07	-9.2773009870e-09	-3.5240253320e-07
+8.0505969290e-08	+5.6074999649e-07	-1.7505142156e-07	-3.9775149722e-07	+1.7935565453e-07	+4.0685667414e-07
+7.7758282334e-08	-1.6426474534e-07	-1.2611670781e-08	-3.6135040055e-07	-1.3783290640e-07	+3.1180748674e-07
-4.5343894998e-08	-3.1438183865e-08	+2.0143005353e-07	+1.4319854384e-07	-1.9527603889e-07	-1.1473086082e-07
+9.5031972052e-08	-3.9187365116e-07	-1.4565800518e-07	+3.6716108212e-07	+2.5667039766e-07	+2.0345515725e-07
+2.8916737402e-08	-1.2918793669e-07	-2.5479714634e-07	-1.0963486028e-07	-2.5040442649e-09	-3.1738542961e-07
-1.3743086607e-07	+2.3051220324e-07	+1.4154883735e-07	+4.7614283162e-08	+1.9118129112e-07	+2.4439514831e-07
+1.6691766773e-07	+1.6084825899e-07	-8.6013682081e-09	-3.8575230309e-07	-2.8455675704e-07	+4.1647269774e-08
-2.2203560441e-07	-1.8989293916e-07	+1.7681330100e-07	+1.6422335876e-07	+1.2344749184e-07	+2.6251409771e-07
+5.9357611897e-08	-6.0140893853e-07	-1.4099223384e-07	+3.6081844395e-07	-2.6071404727e-07	-2.5898678465e-07
+3.2325430281e-07	+4.6708051023e-07	-8.3739754654e-08	-4.3148721067e-08	+3.9390504426e-07	-1.6069668904e-07
-3.4135022085e-07	+1.3882556929e-07	-5.2296899510e-08	-1.3780847872e-07	-3.6007520506e-08	-2.1959570803e-07
+1.2902914954e-07	+2.0904267816e-07	+8.3840862168e-08	-3.3265368708e-09	-7.7980918684e-08	+6.1878051759e-08
-2.4911061698e-07	-6.8281589928e-08	+2.8450381279e-07	+6.7330588849e-08	-2.4525840680e-07	-1.1356290471e-07
+2.0240823674e-07	-7.9484784481e-08	-2.6650615629e-08	+1.6431103092e-07	-1.4563421183e-07	+2.5085215541e-08
+4.7459773079e-07	-3.7520007502e-08	-4.3055914923e-07	-1.0038115577e-10	+1.1732921005e-08	-1.7265547602e-07
+1.6201583351e-07	+5.2251146389e-07	-1.4322059639e-07	-4.3901404952e-07	+1.2102723638e-07	+4.1889602738e-08
-1.1637310439e-07	+5.7481653571e-08	+1.9796525166e-07	-2.3888861950e-07	-3.8683733078e-07	+2.4498090160e-07
+8.2313625844e-08	-1.8848908036e-07	+2.1358130720e-07	+2.0713003690e-07	+9.1922845045e-08	+5.5530644835e-08
+3.7086034035e-09	+2.7168380521e-08	-3.2259597444e-08	+6.8179229546e-09	-3.5450732913e-07	-2.1798112517e-07
+3.7881251025e-07	+5.9837419830e-09	-2.7567739730e-07	+5.3838841319e-08	+1.3628173353e-07	-2.3701527980e-07
-1.1796426366e-07	+4.1776089297e-07	+2.5163602029e-07	-3.0616504939e-08	-1.2648496864e-07	-2.7070795188e-07
-1.0353554336e-08	+2.7947726091e-07	+4.9339770608e-08	-9.7641907085e-08	+3.9338800227e-10	+4.1258847159e-08
-2.0664785488e-07	-3.7970099385e-07	+1.1405869045e-07	+1.3480277343e-07	-9.2086234098e-08	+1.0420400187e-07
+3.0349060040e-07	+3.8489042883e-07	-2.5143876662e-08	-1.3373981089e-07	-1.1476476651e-07	-1.1028956388e-07
-4.5525865235e-08	-1.7205166544e-07	-2.5293088807e-08	+1.9226277252e-08	-3.1472522203e-08	-1.7314756228e-07
+6.2364683990e-09	+3.3447485807e-07	-3.5477145766e-08	-1.9630280862e-07	+7.8147029612e-08	-4.0501219947e-08
-5.9746516410e-08	+3.6527548861e-07	+3.6079031277e-07	+1.1157800920e-07	-1.4261574564e-07	-2.1005324225e-07
-2.3705236807e-07	-3.2363891154e-07	+1.2727197033e-07	+1.3509779473e-07	-5.9869866165e-08	-8.2173981787e-08
+6.9580609042e-08	+2.8585075856e-07	-1.4202500513e-07	-1.0698379107e-07	-9.1830094409e-08	-1.0394888579e-08
+2.1735394456e-07	-1.6582031146e-07	-2.5032929984e-08	+2.0288223755e-07	+1.3967981443e-07	+1.8263201553e-07
-3.1864182352e-08	-2.0831871398e-07	-6.3530419751e-08	-1.5701108770e-07	-1.9265648446e-07	-2.7861023758e-08
-3.4999921163e-08	+9.5455415559e-08	+1.5316699024e-07	+1.1305743495e-07	+8.8833631445e-08	+7.0207017749e-08
+6.8547654369e-08	-9.4268093524e-09	+6.3980474637e-08	-7.6592942342e-08	-2.9547710072e-07	-4.8835257066e-08
+2.3857024994e-08	+4.5874170712e-08	+1.2403514788e-07	+7.3348645944e-08	-8.6526435700e-10	-1.8291212856e-07
-3.4772052282e-08	-3.2080942462e-08	-1.4497941752e-07	+1.5307332674e-08	-8.0013858718e-08	+5.1700315102e-08
+2.5030500220e-07	+1.6066465134e-07	+1.5217626069e-07	-1.2419434805e-08	-8.7820311978e-08	-1.7569613207e-07
-1.9224176596e-07	+1.2122870421e-07	+1.8109257403e-07	+1.5150925981e-07	-1.7472155522e-07	-3.1138023790e-07
-1.8798227949e-08	+2.3618249333e-08	+1.5220073467e-07	+7.7775029890e-08	+3.9652394670e-08	+3.9863327149e-08
-1.9707410012e-07	-6.9843630947e-08	+9.6557499310e-08	+8.1232517557e-08	-1.1941314171e-08	-6.7789458683e-08
-1.2911920186e-08	+1.0940265834e-07	+2.5822517131e-07	+1.4966695900e-07	-1.8769746585e-07	-2.3337300505e-07
-4.9280475782e-09	-4.5701856923e-08	-1.0914867968e-07	-2.2008877251e-07	-1.3413419329e-07	+4.9412480709e-08
+1.9453749273e-07	+4.6415358796e-07	+1.3223074791e-08	-1.1704559067e-07	-3.9064947664e-08	-9.3648253543e-08
+2.2762185926e-07	+8.9671938209e-08	-2.5384064992e-08	-1.4077758201e-07	-1.8070423322e-07	-6.1387573487e-09
+2.2692413145e-08	-2.6941440055e-08	-1.9675965004e-08	-1.0099457371e-07	-2.5332753955e-07	+9.6461432494e-08
+2.7567711269e-07	-2.5934275256e-09	-2.7268147253e-08	+2.4467216765e-07	+8.6319505943e-08	-5.4529410421e-09
+1.0210833845e-07	-1.8902939793e-07	-4.7527521111e-08	-6.1785492649e-08	-1.4574994870e-07	-3.8153826737e-08
-6.9095867946e-08	+1.4688927438e-07	+2.2105253743e-08	+8.5701210034e-08	+1.0342697865e-07	-1.4319420606e-07
+2.8395833905e-08	-7.3166765486e-09	+1.0978209855e-08	-6.9720813478e-08	-1.6419145630e-07	+3.2453242819e-08
+2.9772450874e-09	-3.8846152569e-08	+6.5621131408e-08	+2.0496378530e-07	+1.4117619529e-07	+3.1394561389e-08
-5.1766063446e-08	-8.2952168328e-08	+2.4320924484e-08	+5.7843065969e-08	-7.7900129449e-08	-1.9544300519e-07
-1.3987783301e-08	-1.0440542341e-08	-9.6757524204e-08	-5.4760268539e-08	+1.5633899166e-07	+2.4189075202e-07
-1.5131763510e-08	+4.9738185876e-08	-4.9848744741e-08	-1.7095189700e-07	-1.9753674871e-08	-2.5208095087e-08
-6.4610006998e-09	-7.1650450111e-09	+8.6874302133e-08	+1.0054994008e-07	-1.1125171582e-07	-1.3832539973e-07
+7.4211103057e-08	+3.7027190637e-08	+4.3405159329e-08	+1.0655588453e-07	+2.6645398230e-08	+7.4432428133e-08
-2.4826853843e-08	+8.6354364164e-08	-1.0804864944e-07	-2.6109560457e-07	+4.5563688589e-08	-2.4512366236e-08
+4.9418187465e-08	+7.4633422523e-08	-2.8226589599e-08	-1.2645795341e-07	-1.3212687281e-07	+1.8782808421e-07
+6.0043535656e-08	-5.0001804124e-08	+8.0928549780e-08	-1.8330317467e-09	+1.0655556483e-07	+5.0304127258e-08
-4.3630520356e-08	-9.6803203133e-09	-9.0123643377e-08	-2.4223748933e-08	-1.5389174574e-07	-2.0027417471e-07
+1.7281153912e-07	+2.1132519496e-07	+1.7956893518e-08	-4.0574887687e-08	-4.1747146856e-08	+4.5743120248e-09
+2.8743352781e-08	+1.2279156857e-07	-9.5190097124e-08	-8.9513482881e-08	+2.0233042047e-07	-1.3830988536e-07
-1.1474871580e-07	+1.7930682251e-07	+4.1983967785e-08	-3.2624183021e-08	-1.3209342780e-07	-1.3874869083e-08
+8.0755998697e-08	-5.8834471395e-08	+2.9754440438e-08	+3.5289938925e-08	+4.5995195334e-08	+6.4969279619e-08
-2.5453656039e-07	-2.0260310888e-07	+8.4158826198e-08	+1.3100878207e-07	+1.1459751471e-07	+6.3411175870e-08
+1.7742099270e-07	-1.1781702304e-07	-2.6378486068e-07	+7.7034416912e-08	+8.8413339397e-08	+1.1339351527e-07
-3.4969728922e-09	+1.0421931224e-09	-7.0527257779e-08	-1.6132154974e-07	+3.8818125172e-08	-6.5438452840e-08
-2.4575309379e-08	-8.2753571952e-08	-3.6527005232e-08	+1.7781732871e-07	+5.7285672180e-08	+2.0882786612e-07
+1.7505555387e-07	-6.6594173445e-08	-6.9095410380e-08	-1.9897575163e-07	-7.9987381653e-08	-3.5827239613e-08
-1.6378371215e-07	+9.4545576668e-08	+7.6284647538e-08	+1.1293951165e-07	+4.2039714674e-08	-1.8897490948e-07
+1.3478559047e-07	+6.3220193837e-08	-1.0446819737e-07	-1.6393792728e-08	-4.3657727383e-08	-3.8982603325e-08
+1.2703328745e-08	+1.9175727753e-07	+1.1881747867e-07	-1.5231499902e-07	+3.1901485717e-08	+1.3940218594e-07
-2.1891660218e-07	-5.0419466788e-08	+5.1015818055e-08	-7.5727675866e-08	+3.7542590151e-08	-3.9479042385e-08
+1.9576144910e-08	+6.4872231127e-08	+9.2788038061e-08	-4.1215020339e-08	-2.1291094560e-07	+4.2495509256e-08
+1.0738580098e-07	+5.9549624361e-08	-7.1448028060e-11	-6.7542892746e-08	+4.4213788194e-08	-3.3514146641e-08
-7.6859117128e-08	-1.0853030684e-07	+2.6476514108e-08	+2.1941194623e-07	+5.7052740608e-08	+8.8936120775e-08
-7.9928227316e-08	+2.6921253322e-08	+1.2141360758e-07	-2.6906568165e-07	-1.1627555230e-07	-1.3129434905e-07
+9.7551870884e-09	+2.2452254148e-07	-7.5380721976e-08	+5.4513324552e-08	+7.0368906338e-08	-8.2776771790e-08
-1.5997748292e-08	-5.5443582138e-08	+1.1599667248e-07	+1.1320035584e-08	-1.0702285089e-07	+2.2523645452e-07
+6.3803696470e-08	-1.3911566240e-07	+6.9533439513e-08	+1.5704257925e-07	-1.6484797952e-07	-3.0033774780e-07
+3.3181854328e-08	+7.5183632586e-08	-7.2616826314e-09	+6.4933756647e-08	-6.5516402831e-09	-3.7629374894e-08
+1.7251781939e-08	-3.3568317227e-08	+7.6256554103e-08	+1.6045180235e-08	-1.0610559268e-07	-2.0537474160e-08
+1.8899058492e-08	+6.6475426618e-08	-7.6700399581e-08	+9.9110679208e-08	+2.3857112557e-07	-2.5503173735e-08
+2.1772701382e-08	-5.4165402610e-08	-1.0830290761e-09	+2.4972307458e-08	-2.5986417286e-07	+3.4259542297e-08
-2.6251231438e-08	-2.5614363958e-07	+1.1984459976e-07	+9.9383324086e-08	-6.3550350469e-08	-1.0266158464e-07
+1.7986921281e-07	+1.5257434752e-07	-1.1368147409e-07	+1.3193942762e-07	-5.7198329988e-08	-1.0711408883e-07
+1.5599201582e-07	+1.7564440975e-07	-1.1998512731e-07	-2.9003731171e-07	+3.3337257133e-08	+1.3473583851e-07
-3.0338666052e-08	+4.9928191273e-08	+1.9156635680e-07	-9.7406321274e-08	-1.4197305817e-07	+9.6624891255e-09
-7.8998292464e-08	-1.0808154110e-07	+2.3802629444e-08	+3.7922743510e-09	-4.7227953063e-08	+1.4953717320e-07
+1.0306669829e-07	+1.9166966725e-08	-5.6476426116e-09	-1.9852230709e-08	-1.2180436049e-08	-2.6047230052e-08
+4.3106297981e-08	+1.1724356648e-07	-7.9155212783e-09	-5.9561860731e-08	-6.7251373738e-08	-1.4646383765e-07
+9.8888366034e-08	+6.0175010607e-08	+8.4441874175e-09	-4.3079935073e-08	-4.6939573930e-08	-7.3414731672e-09
-2.6523051284e-07	+4.7769213782e-08	+1.1932533707e-07	+1.4402872015e-08	+2.4532765530e-07	+4.3130052996e-08
-4.8840908614e-08	+4.2275730453e-08	+3.3257806549e-08	+2.3802794793e-08	-2.4224269467e-07	-1.6225898702e-07
+3.9656462004e-08	-7.6639208570e-10	+1.4765187320e-07	-2.4894610206e-08	+5.3203584529e-08	+4.6526735434e-08
-1.2426579543e-07	+1.1626209502e-07	-8.8509618289e-08	+3.4653026837e-08	+4.7340032993e-08	-1.0039817777e-07
+1.7780702036e-07	+3.9013394198e-08	+2.6881899930e-08	-6.6435137812e-08	-1.2103433406e-07	-5.2831421500e-08
-2.0107001571e-07	+6.0305610581e-08	+1.1746548833e-07	-1.0802478340e-07	+5.1621134479e-08	+1.4227808105e-07
-1.0362466814e-07	-3.7756301654e-08	+1.5156294507e-07	+1.1371516284e-07	-3.3584020029e-08	-4.3788183335e-08
+9.9568399607e-08	-1.7259957123e-07	+2.3073886312e-08	+5.2548345646e-08	-1.7383453486e-07	+1.7589794719e-07
-2.0990480032e-08	-1.4738078473e-07	-1.2851474276e-08	+1.5981979244e-07	+1.0536523788e-07	-1.6872965612e-07
+4.6978699808e-08	-3.4982779544e-08	-1.7992382449e-07	+8.8100716878e-08	+6.9530111413e-08	+4.6868031289e-08
+1.5366976860e-07	+6.3567248611e-08	-8.2976963452e-08	-2.4043747113e-07	-9.7216365764e-08	-1.7856563827e-08
-4.3291614696e-08	+1.1268533715e-07	+1.6764363870e-07	+6.1490799086e-08	-8.0154737962e-08	+4.8816119189e-08
-5.0717036625e-08	-5.4890009055e-08	+1.7769024686e-07	-6.1589075146e-09	-1.0971600248e-07	-3.3227502186e-08
-2.2673187790e-09	+4.2206344518e-08	-5.6366133334e-08	-5.7882786694e-08	+8.1567908529e-08	-5.3771405938e-08
-5.5620286668e-08	+8.1816712875e-08	-4.9254048224e-08	+5.7555912125e-08	+8.0858665178e-08	-7.5634442477e-08
+2.5387893575e-08	+1.1602003511e-07	+6.1850697737e-08	-1.4666957647e-07	-7.6686721952e-08	+7.0975973510e-08
-1.8009447838e-07	+1.2875216814e-08	+1.7998421833e-07	-8.2873919853e-08	+2.1444786371e-08	+1.0464303664e-07
+7.0608480050e-08	-2.8898192483e-08	-7.4837978763e-08	-5.3102208888e-08	-7.7819900654e-08	+1.0929267536e-07
-6.8401224715e-08	-2.2979763278e-07	+5.2220148697e-09	+1.4554777482e-07	+1.3041186973e-07	+5.9823277578e-09
+7.4584896426e-08	-5.0655371480e-09	-1.0351786488e-07	+3.5681630724e-09	-1.4382005970e-07	+3.9197921934e-08
+1.6772825538e-07	+5.9943272047e-08	+2.2586354628e-08	-1.9747185666e-07	+7.5625517857e-08	+7.8141452377e-08
-8.7358731622e-08	+1.1774727964e-07	-1.4850628216e-08	-4.5447939010e-09	-3.4335100432e-08	-1.0976081351e-07
-3.3107034658e-08	-1.2266432898e-07	-1.1686389498e-08	+5.5338870551e-08	-1.0158126506e-08	+1.8397241717e-07
+1.3374797169e-07	-4.6578843020e-08	+3.9885372482e-08	-1.0364275000e-07	-1.4692997284e-07	+1.5581266923e-08
-2.9145031013e-08	+9.7996006905e-08	+9.5754046151e-09	-5.2502009571e-08	+2.4336493822e-08	-4.1639918118e-08
+1.9373211595e-07	+4.1309482601e-08	-7.2773993973e-08	-6.5933690361e-08	-6.8982738384e-09	+1.4032005972e-07
-1.7586400401e-07	+1.5760029725e-08	+5.6314655073e-08	-1.2586289051e-07	+8.9707256154e-08	-7.7738462722e-08
-1.6486190892e-07	+8.7219684653e-08	+1.3342971494e-07	+2.4464054984e-09	-1.1307006826e-07	+3.6742513058e-08
+5.9047096563e-08	-7.6895047575e-09	+1.6098679126e-07	-1.3388400081e-08	+5.0183044086e-08	+5.0866718399e-08
-6.3672237211e-08	+4.7986177616e-09	-1.6166951907e-07	-2.8527212109e-08	-8.8674269867e-08	-1.4077595784e-08
+1.0575566099e-08	-1.1774332556e-07	+5.0868506961e-08	+2.8413190321e-08	+1.3505296440e-07	+3.0846827827e-08
-4.0492168630e-08	+1.2185835667e-07	+4.8072241499e-08	+1.2612217371e-08	+8.9699368528e-08	-3.3673135062e-08
-1.6478994254e-07	-3.1788109676e-08	-5.3642627875e-08	-2.9308021015e-08	-3.1713531281e-08	-8.8143597365e-08
+3.7756324248e-08	+7.3658288235e-08	+2.2017615300e-07	-5.2704787258e-08	-1.8763907867e-07	+2.1258454206e-07
-2.7432621118e-08	-1.1769712897e-07	-1.7690157493e-09	+7.0194401074e-08	+1.0687512832e-07	-1.7454868059e-07
+7.0459980521e-08	+9.9461318824e-08	-2.7368196930e-07	+2.0494507323e-08	+1.2381967375e-07	-4.7934820189e-08
+1.2387766329e-07	-5.2270417085e-08	-2.4315322700e-07	-5.2135248408e-08	+2.1818645380e-07	+1.4234293759e-07
+3.0714986367e-09	+1.4534208290e-07	-8.4786293606e-08	-1.4137765643e-07	+4.2133910360e-08	-7.4804685368e-09
-1.8761595118e-07	-2.6197697725e-08	+2.7165058208e-07	-7.9884564008e-08	-1.0810021547e-07	+1.1155187684e-07
-4.7493459209e-08	-6.7124793496e-08	+2.3075816431e-08	+5.8870191651e-08	-1.1073882781e-07	-7.9268155187e-08
+1.8559387769e-07	+6.8301284099e-08	-4.8607793583e-08	+1.0412094095e-07	-1.8915709629e-08	-1.2387215353e-07
+1.6770927152e-07	+1.4567396575e-07	-1.3822382232e-07	-2.2061532145e-07	-4.7748384676e-09	-3.4712472350e-08
-1.7807101150e-07	+2.4465084532e-07	+1.0126118454e-07	-1.4521132523e-07	+7.8159589981e-08	+1.9629594272e-08
-3.0557682330e-08	+6.5942951468e-09	+2.1553801301e-07	-5.5405256198e-08	-3.8798205807e-07	+8.3644935280e-08
+1.7227297024e-07	-3.9035492506e-08	+6.6114429971e-08	-2.0724859568e-09	-1.0712868987e-07	+8.8292579531e-08
+2.2733642767e-07	-2.0732402683e-07	-2.4492988014e-07	+2.8203808299e-07	-1.5384158003e-08	-2.5621025479e-07
+1.3117458856e-07	+2.3722696891e-07	-2.3969691599e-08	-1.6364615891e-07	+8.6850653790e-08	-9.0342234284e-09
-1.9871849895e-07	+8.8915670022e-08	-9.0921227804e-09	-2.3316616227e-07	+1.6879836527e-07	+1.9373840229e-07
-9.2328591467e-09	+8.0432242304e-08	+1.5958581045e-08	-7.7627442883e-08	-1.9621585140e-07	+5.4727323353e-08
-1.8096366062e-08	-2.2774266689e-07	+2.4980949970e-07	+2.6769360342e-07	-1.8474782367e-07	-1.7033479418e-07
+1.5812568009e-07	+2.5416597937e-08	-1.4556684284e-07	+1.6401237782e-07	+1.0896841490e-07	-2.0973295431e-07
+2.1036103665e-07	+1.1649716608e-07	-3.2673217616e-07	+8.0319733174e-09	+3.9405207451e-08	-5.9563718851e-08
-1.7113061764e-07	+1.8466760260e-07	+1.0621303707e-07	-2.2110806410e-07	+2.8778062609e-07	-1.3459299039e-07
-2.3406307345e-07	+1.8436042499e-07	+1.1858828634e-07	-5.3316088558e-08	-2.0852637148e-07	+2.1519849998e-07
+1.1546228178e-07	-1.7894411412e-07	+1.0427578981e-07	+5.7183681421e-08	-5.6945083474e-08	+7.9003711760e-09
+3.6353661770e-08	-1.7866329129e-07	-1.7936639199e-07	+2.5155025624e-07	+2.6535729534e-08	-1.7404024205e-07
+2.1587070654e-07	+4.4691432386e-08	-2.4424011017e-07	+1.2217551802e-08	+1.8309316308e-07	-6.7024777069e-08
-1.6445614106e-07	+2.0893519799e-07	+1.7949024595e-07	-2.3894402380e-07	+7.4265305332e-08	+9.0591913468e-08
-2.5326165517e-07	+7.4632931064e-08	+1.6880771702e-07	-1.3282174726e-07	-5.8654236422e-08	+2.3646269759e-07
-1.7710069231e-07	-3.9388265777e-07	+2.0673878222e-07	+1.3235442888e-07	-1.6394400802e-07	+2.0412995709e-07
+2.2330403207e-07	-1.0561563732e-07	-4.3494130190e-08	+1.5751524142e-07	-4.0588071015e-08	-3.4608118390e-07
+1.7577883536e-07	+1.6549890004e-07	-4.0281183569e-07	+3.6207491074e-08	+2.0926417625e-07	-1.5113365311e-07
-1.0568157188e-07	+2.7128409990e-07	+3.2712437799e-08	-2.3950363125e-07	+3.5212317522e-07	+1.8919501462e-07
-3.3879068937e-07	+2.6101747288e-09	+1.5601011815e-07	-3.2735243172e-07	-2.0956641108e-07	+4.0631745042e-07
-5.1807583147e-09	-2.9940262414e-07	+3.0750947010e-07	+9.2768182056e-08	-3.4043862782e-07	+5.5426452604e-08
+2.8463499410e-07	-4.7204841202e-08	-1.6661352545e-07	+1.9837389387e-07	-1.7226401599e-08	-2.2175282021e-07
+2.0078990098e-07	+1.2317559899e-08	-2.8477876037e-07	+1.3220507062e-07	+1.8822033524e-07	-2.3487853910e-07
-1.7937614882e-09	+1.3323784526e-07	-1.4253229046e-07	-9.1238369479e-08	+1.5051122102e-07	+1.1413502620e-07
-2.8743691078e-07	+3.7397275628e-08	+2.6156587675e-07	-1.3367383931e-07	+3.5946276682e-08	+2.5074160647e-07
-2.6359505087e-08	-2.0609909841e-07	+2.6734332472e-07	+3.1677977368e-08	-4.6221443849e-07	+1.0854852398e-07
+7.9571767096e-08	-3.8388358932e-07	-3.9025383440e-08	+4.3225561676e-07	+6.2723110237e-08	-3.2070472247e-07
+1.8852080689e-07	+1.5633022096e-07	-2.2510168374e-07	+1.5373605470e-07	+1.6666334986e-07	-2.1400868071e-07
-7.9677538675e-08	+2.6733098089e-07	+4.6943832851e-09	-3.7759247733e-07	+1.9410683815e-07	+1.0329533638e-07
-3.5808325877e-07	+2.3305981905e-07	+1.8946744296e-07	-3.0852628251e-07	-7.8479839687e-08	+2.6507369311e-07
-2.8773661641e-08	-2.8285175235e-07	+1.7906971831e-07	+1.8882298452e-07	-1.7778853373e-07	+9.7786542561e-08
+1.1468329068e-07	-2.3257471427e-07	+2.2617898697e-08	+1.9783126075e-07	-1.3997257851e-07	-1.4807360512e-07
+2.6586131420e-07	+5.2072966833e-08	-3.6950482707e-07	+1.3652128964e-07	+1.9629869914e-07	-2.5519283899e-07
+2.7136620127e-08	+1.2844527619e-07	-6.7289934803e-08	-9.7036562466e-08	+2.1797710320e-07	+1.8191583936e-07
-3.3763139249e-07	+8.7903475824e-08	+1.2443116058e-07	-3.6481368275e-07	-2.5275972707e-08	+2.4717937223e-07
-6.3852039888e-09	-1.7802962902e-07	+2.2820166310e-07	+1.2027610967e-07	-2.2849344568e-07	+2.5076960224e-07
+1.1583781579e-07	-4.1255828474e-07	-3.0635723968e-08	+3.2260765834e-07	-1.2084125371e-07	-2.9650055219e-07
+1.9976658002e-07	+2.6395248989e-08	-2.8626887730e-07	+2.3310934800e-07	+1.3555428200e-07	-1.9483435678e-07
+8.6082421906e-08	+1.8398641869e-07	-8.9806556809e-08	-2.0708769709e-07	+2.6170134941e-07	+8.3695515073e-08
-2.9534303225e-07	+1.5673588636e-07	+9.9621383575e-08	-2.9431520711e-07	+3.5529633469e-08	+3.2668016851e-07
-1.0199053040e-07	-2.3481199176e-07	+7.0665546396e-08	+1.0007828002e-07	-2.4825095143e-07	-6.1309164934e-08
+2.1984503832e-07	-1.6877792095e-07	+1.9281183738e-07	+2.3292332725e-07	-2.9786095876e-07	-9.5832923467e-08
+1.4713374943e-07	+1.3382456970e-07	-1.9564736151e-07	+1.6715674659e-07	+3.2311768524e-07	-4.3229599614e-07
-1.2152168017e-07	+1.5181956937e-07	-1.6746492864e-07	-8.5958121709e-08	+2.9567141504e-07	+1.7715657188e-07
-3.2367498916e-07	+1.1965209987e-07	+1.9756896170e-07	-3.0472964385e-07	+8.7176662413e-08	+1.6336639304e-07
-2.6627867015e-07	-2.3983590115e-08	+1.7174367872e-07	-5.1179891930e-08	-1.1736254378e-07	+1.8014936806e-07
+9.5696447430e-08	-3.3058978829e-07	+1.3266120191e-07	+1.7792310423e-07	-3.0702881172e-07	-1.0406747897e-07
+2.7998465780e-07	+1.0173374332e-07	-2.9328157070e-07	+1.6917930884e-07	+2.2902188710e-07	-2.5425204013e-07
+6.5472807200e-09	+1.3017018115e-07	-1.6678268848e-07	+6.5355659750e-08	+3.1410565337e-07	-1.2257636925e-07
-3.5491839650e-07	+1.7453853800e-07	+1.7684860719e-07	-4.0793113517e-07	+3.6555497423e-08	+2.3142071807e-07
-2.5758164609e-07	+1.1153479633e-07	+2.9127181787e-07	-1.5543808947e-07	-1.0737620506e-07	+2.0767985276e-07
-2.0635827897e-08	-3.4635399283e-07	+1.9502428127e-07	+2.8330060240e-07	-3.6149415050e-07	+2.4763432413e-08
+2.4669358826e-07	-1.3311005610e-07	-1.1186014065e-07	+1.6620322389e-07	+1.8780478940e-08	-3.5628049551e-07
+2.3687087830e-07	+2.3591823572e-07	-3.6881717144e-07	+2.6045877278e-08	+2.5778953825e-07	-1.1993262560e-07
-1.5936276560e-07	+1.8038148767e-07	+6.5521502719e-08	-2.1631871957e-07	+1.1469287559e-07	+1.4854682120e-07
-2.8996072418e-07	+9.2912035572e-08	+2.3458335986e-07	-1.5770115637e-07	+6.7953339066e-09	+1.6303283903e-07
+8.6331764600e-09	-3.7591041847e-07	+2.4657058143e-08	+2.2552145410e-07	-3.2110489142e-07	+1.0680822938e-07
+3.3498562376e-07	-8.7148655996e-08	-1.4231109036e-07	+2.0544096729e-07	+7.1136910084e-08	-4.6304623638e-07
+3.2489350356e-08	+2.7845762661e-07	-3.4435320589e-07	+3.3555010677e-08	+3.9286122294e-07	-2.3514267386e-07
-7.2370453466e-08	+2.9629452500e-07	+2.2918894002e-08	-2.3496020882e-07	+1.9094210527e-08	+2.7737407061e-07
-2.8994190172e-07	-6.2561178107e-08	+2.0079071383e-07	-1.5999824004e-07	-3.9501373146e-09	+1.1475515944e-07
-1.0806199408e-08	-2.2699813457e-07	+1.8306892785e-07	+9.3731057243e-08	-3.6930116935e-07	+2.0851209065e-07
+2.7370014364e-07	-1.7175364068e-07	+3.3100112016e-08	+2.4399220833e-07	-3.9658675897e-08	-3.1020667507e-07
-2.3007483346e-08	+1.0636223272e-07	-3.0228095351e-07	+1.2680021804e-07	+2.0853840219e-07	-2.8094252427e-07
+1.3787625342e-07	+2.8826426813e-07	-3.6438562059e-08	-2.7188681293e-07	+1.0641506190e-07	+1.8076970085e-07
-3.7438610914e-07	+8.2550997937e-08	+3.0019329582e-07	-3.0978885922e-07	-9.8165940905e-08	+2.8459243164e-07
-2.9834275270e-08	-1.4159805209e-07	+9.8110470095e-08	+6.7959717664e-08	-2.4136393938e-07	+1.3084070875e-07
+2.9585117334e-07	-3.2806120310e-07	+1.3710896680e-07	+2.1469263685e-07	-3.7044366836e-07	-5.5619337799e-08
+7.9741928222e-08	+4.6134150855e-08	-1.1377313981e-07	+9.6946986666e-09	+2.5592617771e-07	-1.6833900857e-07
+1.7668959459e-08	+2.2588168126e-07	-1.4875895895e-07	-1.4459308243e-07	+1.5611657692e-07	+1.4995105492e-07
-3.2094280794e-07	+7.0363497958e-08	+2.3504770998e-07	-4.4493499415e-07	+4.8216534110e-08	+2.9677708599e-07
-1.8103533837e-07	-1.5041989581e-07	+2.5467516348e-07	+1.9841369593e-07	-3.7392600980e-07	+1.2734084411e-07
+2.4229287521e-07	-3.7013088269e-07	+9.1195856234e-08	+2.1243858053e-07	-1.7175664553e-07	-6.1851199314e-08
+1.9156426865e-07	+4.4589582841e-08	-2.9310951684e-07	+1.7485824450e-07	+1.8997994268e-07	-4.3509023140e-07
-4.3970830566e-08	+2.4274553833e-07	-7.8785872853e-08	-5.9391077742e-08	+2.2956872196e-07	+4.6377078250e-08
-2.1213475671e-07	+1.4968531964e-07	+1.0560209324e-07	-2.2359379227e-07	+5.2491633411e-08	+1.7848473739e-07
-1.9861806986e-07	-7.6907762501e-08	+1.4522242066e-07	-5.7140945240e-08	-7.5721921607e-08	+9.8507758764e-08
+8.8049363261e-08	-2.3696949225e-07	+8.1528958746e-08	+2.4375848249e-07	-3.3429082103e-07	-3.3802974336e-08
+2.9008583429e-07	-9.9471876327e-08	-2.4655207575e-07	+1.3142305651e-07	+2.4750988773e-07	-2.0868154458e-07
+6.1366611034e-08	+2.1771293990e-07	-2.1859283741e-07	+3.6239286173e-08	+2.6036771260e-08	-1.4250353017e-07
-2.2471847340e-08	+1.1821270648e-07	+1.2583050036e-07	-2.4613632882e-07	+1.1189350012e-07	+9.9817623420e-08
-2.1500225696e-07	+1.2602200914e-07	-5.7474210526e-08	+1.7391363618e-09	+7.0274262092e-08	+8.5673949220e-08
+1.3149112646e-08	-3.3326111700e-07	+1.2348550588e-07	+2.1257318494e-07	-2.0583929769e-07	-1.0766619484e-07
+2.2164179348e-07	-2.0172002899e-08	-1.5556650154e-07	+2.5659923657e-07	+5.6969436302e-08	-2.6349685750e-07
+2.1354410382e-08	+2.2662880243e-07	-2.2030465441e-07	-1.0601412654e-07	+2.6044226811e-07	-1.1966028302e-07
-1.1008463061e-07	+1.5467329943e-07	+3.0451784030e-08	-1.5317792654e-07	+1.3325752153e-07	+1.9605411324e-07
-2.7434917164e-07	-2.7799245821e-09	+1.8789210919e-07	-1.9197249739e-07	-4.4813572534e-08	+9.9034166512e-08
+8.6749366506e-08	-1.7214057096e-07	-3.2855396188e-08	+2.6998535293e-07	-2.4909653249e-07	+5.4256916615e-08
+2.2370572769e-07	-2.3178448521e-07	-6.5787923896e-08	+1.2150068913e-07	-6.7333349303e-09	-9.4567680794e-08
+1.6156540131e-07	+1.4610084981e-08	-2.9683270528e-07	+9.0025054711e-08	+2.7504977839e-07	-2.3218922845e-07
-4.4260882826e-08	+2.9788047918e-07	+1.2330774082e-08	-1.4562727232e-07	-4.0584600449e-09	+1.1467320249e-07
-2.6640610714e-07	+2.2427754944e-08	+1.5397175742e-07	-1.6050922769e-07	+1.0971711709e-07	+7.1002164648e-08
-6.5888847750e-08	-8.6991938184e-08	+8.7286731464e-10	+4.8381140524e-08	-9.5525886390e-08	+1.8137282220e-08
+2.7892581065e-07	-9.8760000298e-08	-1.7241222081e-07	+1.2421848559e-07	-2.5210099710e-08	-5.3203321840e-08
-8.4897144589e-09	+1.4188461661e-07	-9.6672704994e-08	+7.8008001805e-08	+1.7716687569e-07	-3.5028911091e-07
+6.2775480372e-08	+1.7808428403e-07	-2.0171099892e-07	-1.0308910683e-07	+1.5108876458e-07	+1.5629937983e-08
-2.3471329088e-07	+1.4612627456e-07	+2.3244959337e-07	-1.8468505235e-07	+6.4908056517e-09	+1.9906212905e-07
-8.6387116074e-08	-2.6717124631e-10	+1.3921072668e-07	-1.7976929985e-09	-3.1673932958e-07	-5.8253821331e-08
+2.1957769062e-07	-2.7902805963e-07	+4.9447165132e-08	+2.5223209609e-07	-1.5898749445e-07	-1.2643451050e-07
+2.0178769593e-07	+1.6045133830e-07	-3.5555142955e-07	+1.6829995446e-07	+2.8717664524e-07	-2.6160500206e-07
+8.0008993785e-08	+1.3280552233e-07	-1.1533733061e-07	-1.0596785118e-07	+7.1241104948e-08	-1.3089514697e-08
-2.7412614881e-07	+1.1411354577e-07	+2.4291192119e-07	-2.0016125590e-07	-7.8333033372e-09	+1.4765615547e-07
-1.1512542288e-07	-5.6205484083e-08	+1.4887307985e-07	+4.6762853155e-08	-1.6892550789e-07	+1.0039053751e-07
+4.5787401817e-08	-2.6015354635e-07	+4.7173184338e-08	+1.7360969281e-07	-7.0513725969e-08	+1.0812041795e-08
+7.8981174155e-08	-1.7602665077e-08	-4.4600892980e-08	+6.4457384442e-08	+2.1378546844e-07	-2.1512062585e-07
-3.8276907827e-08	+1.8259039568e-07	-1.7240795639e-07	-1.2763314266e-08	-1.1694218623e-08	+2.9026995424e-08
-1.5332007240e-07	-2.5690228542e-08	+1.6753193325e-07	-1.9748725180e-07	+1.3579779617e-07	+8.8861426938e-08
-2.4490002603e-07	+1.3754434236e-07	+2.3956189846e-07	-1.5077055040e-07	-1.2957340729e-07	+1.0805228354e-07
+9.4927558423e-08	-1.7744586854e-07	-7.1477898569e-08	+2.7380722437e-07	-9.3693925374e-08	+3.8723397012e-08
+1.1641684570e-07	-1.5072108765e-07	+1.4916216791e-09	+8.1866200962e-08	+7.0054055612e-08	-2.4569263234e-07
-2.0283035627e-08	+1.7858317597e-07	-2.5905001039e-07	-9.6854036656e-08	+2.1610382946e-07	-8.8057812401e-08
-2.4637265350e-08	+1.7002106849e-07	-6.2586054049e-08	-3.6434577603e-08	+1.3391202407e-07	+1.9520471027e-07
-1.7534287714e-07	-9.3699788620e-08	+1.4837173223e-07	-7.6333227007e-08	+3.0157007833e-08	+2.6865755780e-08
-2.3455410245e-08	-1.5362698632e-07	-1.6895150805e-08	+1.8337281090e-07	-1.9455401078e-07	-4.1947725182e-08
+1.7431755646e-07	-7.9713319628e-08	-5.3710775501e-09	+5.1907534014e-08	+3.8114325332e-08	-1.5788713820e-07
-6.5538360414e-08	+2.9394940454e-07	-1.8554829414e-07	-8.0405503221e-08	+2.6863680542e-07	-2.1285646055e-09
+2.2489336095e-08	-1.8634444248e-08	-4.9049415277e-08	-1.2313126245e-07	+1.9020959189e-08	+6.0426947354e-08
-2.0098531460e-07	+7.3362395575e-08	+1.6996992263e-07	-7.6754373415e-08	-9.4963518418e-09	+1.9850597584e-07
-3.1063861557e-08	-1.9881955636e-07	+1.4947284401e-07	+4.6116925305e-08	-2.2311663013e-07	+6.6861609186e-08
+5.8340293998e-08	-1.7878438624e-07	-7.4632980646e-08	+4.0857610079e-08	+1.0068167071e-07	+1.2123456497e-08
+1.0418729064e-07	+1.4184495210e-07	-1.7194973218e-07	-4.2000702993e-09	+1.2227049696e-07	-1.5762400652e-07
+1.8720737736e-08	+1.0176585350e-07	-1.0659914485e-07	-3.7711568621e-08	+6.1440413853e-08	+9.9815781299e-08
-1.4650305409e-07	-1.5442179439e-08	+1.3158166578e-07	-2.4437075643e-07	+1.2358291590e-07	+9.0726565408e-08
-1.8929323790e-07	+8.2002415094e-08	+4.8524547931e-08	+5.9652880788e-08	-2.1572964880e-07	+1.0119968591e-08
+2.8232961249e-07	-1.8942323284e-07	+2.8967427350e-08	+1.5811190640e-07	+1.4957259716e-08	-8.7897845737e-08
-6.3544300725e-08	+1.4344108837e-07	-1.9077861424e-07	-2.5981028875e-08	+2.2592364483e-07	-1.0146123920e-07
-2.0029136889e-08	+3.3244381013e-08	-1.5794187767e-07	-6.4846800684e-08	+1.4093534179e-07	+8.3141841607e-09
-1.6536550788e-07	+6.9458553309e-08	+1.9946488447e-07	-7.3333491665e-08	-7.1429908837e-08	+1.2899595639e-07
-2.8952882917e-08	-2.8857449204e-08	+4.1740186787e-08	+2.4449336876e-08	+3.4515947910e-09	-7.8903065344e-08
+4.8138657902e-08	-1.1703105569e-07	+3.6316966478e-08	+1.6129211561e-07	-3.1434244127e-07	+9.7578466015e-09
+2.5067283611e-07	-8.1509640606e-08	-1.4168408978e-07	+1.7324825437e-07	+1.5357877857e-07	-2.7911956686e-07
+5.6501565174e-08	+2.0411196258e-07	-9.2643840291e-08	-6.5485888171e-08	-8.5063192736e-08	+5.0923047243e-09
-4.6800475997e-08	+4.8255181737e-08	+1.4217081892e-07	-1.6277047202e-07	+6.7438666706e-08	+1.1400084359e-07
-7.2705584731e-08	+1.2794061015e-07	+9.6117326032e-09	-1.0918743877e-07	-1.1040638689e-07	+4.3360148469e-08
+3.4438441801e-08	-1.6769255346e-07	+1.3130256938e-07	+1.1392456476e-07	-1.6030834513e-07	-5.8788720808e-09
+8.5392266064e-08	+3.6025614970e-09	-7.4701521047e-08	+2.0939622510e-08	+8.3311514498e-08	-1.4313252657e-07
+6.9325416025e-08	+1.3425381648e-07	-9.3535691845e-08	+4.7233763783e-08	+4.8986556737e-08	-9.6996677191e-09
-1.3075385539e-07	+8.1663619891e-08	+1.5312175151e-07	-2.5190615002e-07	-1.0824073595e-08	+1.2316836379e-07
-1.9283912625e-07	+6.9575452106e-08	+6.7558356765e-08	-2.7343787214e-07	+1.0195542236e-07	+1.5855762638e-07
-6.3217916452e-08	+1.0396268124e-08	+1.5599605578e-07	+7.3166892629e-08	-2.2711992053e-07	+1.1593151944e-07
+1.6297349445e-07	-1.5187805321e-07	-7.2112349207e-10	+7.7470668561e-08	-5.4945165504e-08	-2.4993729658e-07
+1.2938367515e-07	+1.3112031349e-07	-3.5088734641e-07	+1.2050203905e-07	+2.0198299833e-07	-1.6031208033e-07
-2.4625886955e-08	+1.7859702532e-07	+6.8501755019e-08	-2.1858653099e-07	+9.7361109525e-08	+1.3390177823e-07
-2.0688690649e-07	+5.9066757615e-08	+1.0860799127e-07	-1.4684785765e-07	-9.3565919829e-08	+1.0947320011e-07
+5.0238554308e-08	-1.4221301506e-07	+8.9094000396e-08	+7.9999608565e-08	-1.8606585548e-07	+7.5486361893e-08
+1.8374863919e-07	-1.2269403348e-07	-5.2847403071e-08	+2.3351661655e-07	-4.3840587427e-08	-1.8275357045e-07
+1.3188958726e-07	-1.3965150998e-08	-1.9356203560e-07	+9.7174139117e-08	+7.3617018151e-08	-1.3392022578e-07
+3.5756048550e-08	+9.8704388202e-08	-1.0221739997e-07	-1.1673073993e-07	+1.6397932116e-07	+5.8101597852e-08
-1.7807437709e-07	+2.1877581834e-07	+1.2638570022e-07	-2.9823145263e-07	+1.3354497034e-07	+9.3516780007e-08
-2.2701444716e-07	-5.0588020030e-09	+6.7556580996e-08	+5.9951142821e-08	-1.9309327360e-07	+1.4542336749e-08
+1.6191271640e-07	-1.9028180186e-07	+9.2842775409e-08	+1.7150917380e-07	-1.4743246407e-07	-6.8384720076e-08
+2.0452657297e-07	+3.7944895760e-08	-2.8000122610e-07	+1.4619817895e-07	+2.7957307212e-07	-3.1094865358e-07
+2.1573024467e-08	+2.6056847153e-07	-2.4896467025e-07	-9.9927370716e-08	+1.5990066760e-07	-4.4618994428e-09
-2.1208270297e-07	+8.1539076912e-08	+1.3275036763e-07	-1.5220908461e-07	+6.6311508591e-08	+6.0376605727e-09
-8.6370863569e-08	+9.8095053718e-08	+9.2302422519e-08	-2.0717976808e-08	-7.4964300048e-08	+7.6100822699e-08
+6.3851812803e-08	-1.9493911782e-07	+3.0810869659e-08	+2.3136503189e-07	-2.4546053985e-07	-1.0106233952e-07
+2.1066737038e-07	-5.7584614446e-08	-1.3856275753e-07	-2.8978301258e-08	+2.1464155067e-07	-1.5573701844e-07
-4.1642452128e-08	+3.0769027629e-07	-2.5930964617e-07	+7.5737950153e-08	+2.4404960123e-07	-1.0024478729e-07
-5.2381706795e-08	+2.3894884908e-08	+4.2299045099e-08	-2.4057018845e-07	+7.6855418827e-08	+1.7316397515e-07
-2.3538894120e-07	+8.1063177126e-08	+1.0647046534e-07	-5.6408385718e-08	-1.0055969960e-07	-9.3444955651e-08
+1.8415249780e-07	-1.5178079893e-07	-2.6962374884e-08	+1.8457020684e-07	-1.4413445932e-07	+1.0393475370e-07
+5.3634461836e-08	-7.5521528747e-08	-1.1551130203e-08	+7.4134370051e-08	+8.4886161784e-08	-2.0186716629e-07
+9.3365440988e-08	+2.7080532311e-07	-2.5276922451e-07	-1.5661579300e-07	+2.5780628478e-07	+4.0024020495e-08
-1.9026986251e-07	+5.1009257681e-10	+7.9653859586e-08	-1.8439138855e-07	+3.9027660471e-08	+1.2844588947e-07
-2.4394194282e-07	+1.0658992456e-07	+1.7655934660e-07	-1.7380998993e-07	-4.3076829057e-08	+1.5187064509e-07
+1.3831761421e-07	-1.5780648092e-07	+1.9620236348e-08	+1.7199045502e-07	-1.9998051831e-07	+1.8676869323e-08
+7.8863542837e-08	-1.3071135102e-07	-2.1012564023e-08	+5.0195586425e-08	+2.8913682897e-08	-1.3832557742e-07
+8.2835416771e-08	+1.6270269105e-07	-2.4433529070e-07	+4.6465894850e-08	+1.9135716280e-07	-1.2488046246e-07
-7.8849230302e-09	+4.8358584215e-08	+1.1643275300e-07	-1.3128191532e-07	-7.4201337542e-08	+1.6790852393e-07
-2.8495465820e-07	+8.3778761495e-08	+2.5267041273e-07	-1.8694756553e-07	+1.6114472466e-08	+6.6073530895e-08
-2.9584266848e-08	-1.0977475609e-07	-4.1754448859e-09	+1.7086011709e-07	-1.4315868888e-07	-3.5693571758e-08
+1.8467895261e-07	-1.0495722869e-07	-4.7774444207e-08	+1.5301114031e-07	+6.2404267796e-08	-1.8895712719e-07
-4.2153490199e-08	+2.1459141490e-07	-1.7778035425e-07	-1.0259536128e-07	+2.4190796899e-07	-5.0711578326e-08
-1.1161804901e-07	+4.2636581113e-08	+3.7011392364e-08	-2.6459164996e-08	-3.4168099003e-08	+1.2036555037e-07
-8.9375236718e-08	-6.0834779401e-08	+2.3985210032e-07	-1.9450022849e-07	-1.5304024532e-07	+2.2620972933e-07
+3.6646111165e-08	-1.2050622159e-07	-7.5226301357e-08	+2.1175389925e-07	-4.4052125450e-08	-1.5520952356e-07
+2.5526937048e-07	-9.9923741111e-08	-1.3113063802e-07	+1.3075324069e-07	-6.6753174379e-08	-6.3296643239e-08
+1.6088641428e-08	+1.2939421961e-07	-7.0062418122e-08	-1.0385840713e-08	+1.3188699718e-07	-2.0354684927e-07
+1.0499063046e-08	+7.4536374773e-08	+9.2587668406e-09	+1.2724285975e-08	-2.6699479995e-08	+1.8058512680e-07
-1.4424244849e-07	-1.1157686825e-07	+2.3481242328e-07	-1.4815208437e-07	-1.5687751266e-07	+1.3347827232e-07
-7.4192110372e-08	-4.8272889599e-08	+1.8384822876e-07	+6.4501802276e-08	-1.0767551661e-07	+1.4845103785e-08
+1.0018083211e-07	-1.8950625620e-07	-7.3443844773e-08	+1.5763024014e-07	-3.2729079503e-08	-5.3317557660e-08
+1.0576773354e-07	+1.9465018243e-07	-1.3921381508e-07	-1.7460637183e-07	+1.9944270060e-07	-9.2203554670e-08
-1.8225124849e-07	+1.4367579928e-07	+7.4551191242e-08	-8.6542911815e-08	+2.5374752593e-08	+7.7538280307e-08
-1.0774295313e-07	-1.7593676244e-08	+9.8629408390e-08	-1.0361189171e-07	-4.6959751505e-08	+1.3352090309e-07
+4.3495884062e-08	-9.2427106678e-08	-6.7209851754e-08	+1.4332706155e-07	-3.3753590184e-08	-1.0933380111e-07
+2.1017581060e-07	-9.9887825720e-08	-9.5243981390e-08	+1.8093060200e-07	-1.7895727151e-08	-1.2044630942e-07
-4.8191828917e-08	+1.9677508033e-07	-1.2191120831e-07	-1.8581081478e-07	+3.0961068866e-07	-3.8901281468e-08
-1.3572163366e-07	+1.3412493559e-07	-3.3184696646e-08	-7.4979531070e-08	-1.9151177750e-10	+9.1009959712e-08
-7.6212848869e-08	-1.4831222889e-07	+1.7592803793e-07	-5.1592225030e-08	-1.5145281277e-07	+2.4058324716e-07
-4.6989861753e-08	-1.5157323639e-07	+1.2250077585e-07	+1.1239672092e-07	+9.7997316402e-09	-1.0615770866e-07
+1.0421358609e-07	-5.0304686258e-09	-1.0438707366e-07	+8.9810971277e-08	-8.1134034598e-08	-3.8118618507e-08
+7.0796620231e-08	+7.3377016127e-08	+1.4626280656e-08	-1.5203285689e-07	+3.7294975549e-08	+3.3587812401e-08
-1.7805672194e-07	-1.1325695506e-09	+7.3016421820e-08	+2.4191217069e-08	+2.9116610858e-08	+3.2277907402e-08
+3.4692290251e-08	-8.8349213388e-08	+8.7112404062e-08	-4.6183138485e-09	-1.1976417629e-07	+2.5288383463e-07
-9.5233312896e-08	-1.5714384015e-07	+1.0577258065e-07	-3.4193154064e-09	-9.0699432643e-08	-1.1041598381e-07
+2.5971078825e-07	-8.3120724690e-08	-1.4529183749e-07	+2.7454014734e-07	+5.6017204382e-09	-2.9905026693e-08
-9.1577243613e-08	+3.8462431421e-09	+1.8935759025e-08	-1.5630122164e-07	+1.2385446363e-07	+8.1490887670e-09
-1.3155247938e-07	+8.4110077865e-08	-2.1729319051e-08	-5.9502881441e-08	+8.2619467072e-08	+8.1650021499e-08
+3.1284986660e-10	-5.5731699230e-08	+1.3722926152e-07	+2.0498362543e-08	-2.5923935537e-07	+1.5002846756e-07
+1.5339190911e-07	-2.5054850535e-07	+6.9286861276e-09	+7.2370679144e-08	-1.5293431686e-07	-1.6566412494e-08
+1.4938080682e-07	+3.5072747562e-08	-1.3753697349e-07	+1.4823911311e-07	+4.6891201221e-08	-2.2353102453e-07
+1.7816079781e-07	+4.9447535990e-08	-1.1157658848e-07	-1.2678331615e-08	+7.4072158839e-08	+7.5859531181e-08
-2.0536424269e-07	+8.8842368795e-08	+8.2188441753e-08	-1.3663547118e-07	+1.1926631878e-08	+5.1918431728e-08
-4.9651648086e-09	-1.4913052864e-07	+1.1883291463e-07	+1.2302239899e-07	-1.9293564431e-07	+8.6563762973e-08
+7.3454004768e-08	-1.7367703854e-07	+2.1964923732e-08	+1.9878460825e-07	-5.8124506714e-08	-2.3407619747e-07
+2.2697281856e-07	+9.8766113956e-08	-1.8400148954e-07	+7.0681157185e-08	-3.5269974009e-08	-5.8191121375e-08
+3.7073119649e-08	+6.0520467674e-08	-4.4002825862e-08	-7.5346222227e-08	+1.6874680339e-07	-2.3937285153e-08
-2.3149462510e-07	+1.2887605456e-07	+9.1181608465e-08	-1.9662671748e-07	+1.2785059248e-07	+1.4311987284e-07
-1.1901402933e-07	-6.8037897438e-08	+5.0585212422e-08	+8.1093605320e-08	-1.8896218972e-07	+5.1268752495e-08
+2.0758269391e-07	-2.0922713515e-07	-3.4766999687e-08	+1.2045774213e-07	+6.2636344563e-08	-5.6509082764e-08
+2.5683555852e-08	+7.0825531142e-08	-2.2855645097e-07	+1.4461152228e-07	+5.4616065349e-08	-2.2860334752e-07
+1.4089535333e-07	+7.5273158028e-08	-1.1406485649e-07	-8.9252731304e-08	+1.5086562281e-07	+6.8073565390e-08
-2.5148515198e-07	+1.0991641824e-07	+1.2066231603e-07	-2.3059853478e-07	+8.3830952346e-08	+1.6097718859e-07
-6.3505013561e-08	-1.7554979512e-07	+1.3209240861e-07	+2.4505540772e-07	-3.2472537414e-07	+6.7674639566e-08
+2.7027430479e-07	-2.3435600121e-07	-3.8003400272e-08	+1.3056212998e-07	-6.9659746326e-08	-1.5485699369e-07
+9.0584783586e-08	+1.0326735075e-07	-2.0103563538e-07	-2.0335222845e-08	+2.0127716049e-07	-1.4688338627e-07
-8.4282254829e-08	+3.1247317326e-07	-3.1514444254e-09	-1.9840957549e-07	+1.8491662412e-07	+8.9688617501e-08
-3.0282093886e-07	+1.5654630926e-08	+1.9865368679e-07	-1.8560308152e-07	-5.2362454533e-08	+2.0541370008e-07
-8.1527451182e-08	-1.1487300344e-07	+1.3333551989e-07	+4.6377434214e-08	-1.6891912256e-07	+6.5372043498e-08
+2.3086455831e-07	-2.7759214962e-07	-2.5031952120e-08	+2.4575961019e-07	-9.2883445430e-08	-6.6498891775e-08
-7.5860232860e-09	+1.9999131260e-07	-2.0398971915e-07	-6.5655966436e-08	+2.8828653535e-07	-3.6314883596e-07
+7.5624768116e-08	+2.4750385014e-07	-2.3902177427e-07	-4.8636170090e-08	+1.5616919659e-07	+9.0337610696e-08
-1.9791205806e-07	+3.2942015616e-08	+1.9981084742e-07	-1.8136864740e-07	-1.2270243681e-07	+2.0295187648e-07
+3.7937423308e-08	-1.7341906694e-07	+1.1095907434e-07	+1.2514064645e-07	-2.3723478243e-07	+1.1441344368e-08
+2.2879625825e-07	-1.6524485778e-07	-7.2251087459e-08	+1.8605207720e-07	-9.6856560499e-08	-1.4033857542e-07
+2.0678295998e-07	+6.3475826171e-08	-1.9451634585e-07	+9.9844859309e-08	+1.6673771081e-07	-1.9236909202e-07
-1.0242216532e-07	+2.2151491358e-07	-6.2086455427e-08	-2.8626000025e-07	+1.6895300757e-07	+1.8405220800e-07
-2.8250617791e-07	+6.6621396812e-08	+2.2688828596e-07	-2.3467153352e-07	-7.2839106989e-08	+2.5223362331e-07
-8.3892142654e-08	-1.6774019374e-07	+2.3322961918e-07	+5.0525397654e-08	-2.2236728580e-07	+5.5697116959e-08
+2.5293528455e-07	-2.2962207400e-07	-6.2751101147e-08	+3.0076518701e-07	-1.8660426444e-07	-1.1763340390e-07
+9.6066836598e-08	+6.7587220144e-08	-1.6581744772e-07	-3.5054217843e-08	+2.8350081777e-07	-1.6474154562e-07
-8.4186614123e-08	+2.2151287224e-07	-6.2257645680e-08	-1.7977249505e-07	+6.8867273204e-08	+1.4392379892e-07
-1.7530856743e-07	-6.8499295427e-08	+2.5525934049e-07	-7.6334741700e-08	-1.0600023847e-07	+1.3972992450e-07
-1.1566082485e-07	-8.3451436480e-08	+2.0902143781e-07	+1.0849958452e-08	-2.3727267296e-07	+7.2206334935e-08
+2.2336899811e-07	-1.3160815078e-07	-1.2501438819e-07	+2.4089987608e-07	-1.0634539607e-07	-1.5015609583e-07
+2.8648330441e-07	-4.2772069856e-08	-1.9729719253e-07	+1.0826600574e-07	+1.7604376159e-07	-2.4536366094e-07
-1.5651887579e-07	+3.0690512788e-07	-8.9076124931e-08	-2.4717066263e-07	+2.0129783846e-07	+5.3356865646e-08
-1.8304646980e-07	+8.0566634268e-08	+1.9198604682e-07	-8.4101602574e-08	-2.2786061721e-07	+2.8721577409e-07
+6.4953233019e-08	-2.9740855111e-07	+2.3134133981e-07	+5.5797507006e-08	-2.0850136305e-07	+2.5015648181e-08
+1.6936732576e-07	-1.3707550225e-07	-1.4094430591e-07	+2.6108917550e-07	-1.3433611984e-07	-1.3664823921e-07
+2.2910243963e-07	+1.2932961927e-08	-1.7185877207e-07	-2.5017365807e-08	+2.6261011371e-07	-1.6831121024e-07
-1.4684075848e-07	+3.1191034488e-07	-1.4614011762e-07	-1.5324392219e-07	+1.7899936234e-07	+3.9403103739e-08
-1.9166847486e-07	+8.2660238199e-08	+2.2707693771e-07	-2.3180473918e-07	-6.1860463228e-08	+2.2680824242e-07
-7.0453360663e-08	-2.0750295923e-07	+2.2528850634e-07	+5.9711125916e-08	-2.8003536624e-07	+1.1325566747e-07
+1.7515532859e-07	-1.0578874331e-07	-1.5347361832e-07	+2.4443893193e-07	+4.5150320622e-09	-3.1663923682e-07
+1.9711189565e-07	+6.6721036062e-08	-1.8922665519e-07	+6.0393038256e-08	+1.2891646429e-07	-9.7985339231e-08
-6.1433394824e-08	+2.2848347145e-07	-8.0463963026e-08	-1.8035920131e-07	+2.2344322195e-07	-3.8847270876e-08
-2.3990996724e-07	+8.3859033819e-08	+1.4690492090e-07	-1.1498413311e-07	-1.3646074694e-07	+3.0475367583e-07
-1.3501571011e-08	-2.3037509356e-07	+3.2415047377e-07	-4.2182853665e-08	-2.4829124680e-07	+1.0593561793e-07
+1.9249357144e-07	-1.3366407716e-07	-2.3200866823e-07	+2.5139115962e-07	-7.5255530142e-08	-1.9774135953e-07
+1.7919387113e-07	+1.7701100114e-08	-1.4193563813e-07	+5.0614361403e-08	+1.2671867211e-07	-1.4176142588e-07
+1.5841600697e-08	+2.4592633982e-07	-5.8668777298e-08	-1.7715269625e-07	+1.6991468266e-07	+1.1992179054e-08
-1.9597352058e-07	+9.7975407134e-08	+6.0592183339e-08	-7.2049541403e-08	-4.5366419430e-08	+8.8884522122e-08
-2.1614114492e-08	-1.6871637932e-07	+2.1401657959e-07	+1.0843535896e-08	-2.2855438113e-07	+1.4456483938e-07
+6.8657622065e-08	-4.7815778121e-08	-1.2565884350e-07	+1.2086759859e-07	+7.9066678710e-08	-2.6671328262e-07
+2.1932109469e-07	+4.5628760105e-08	-2.3613080717e-07	+1.4020901644e-07	+1.5421913223e-07	-1.1024612318e-07
-1.3162014084e-07	+2.1358989813e-07	+7.9289476068e-09	-2.5900115776e-07	+1.8963523053e-07	+3.4651642549e-08
-2.0982065749e-07	+1.2210605620e-07	+7.8319474264e-09	-6.5897589823e-08	-3.4587868866e-08	+6.4589289572e-08
+2.8082712007e-08	-1.2748685284e-07	+1.7884416106e-07	+1.1237684086e-08	-1.4853890954e-07	+1.4668651322e-07
+8.4186389323e-08	-1.5914481869e-07	+7.1148292678e-10	+2.1084492576e-07	-1.4042335818e-07	-2.2804853632e-07
+1.4847193162e-07	+5.1458729466e-08	-2.3479181671e-07	+6.1505968135e-08	+1.8563353929e-07	-9.8972087290e-08
+2.7902135022e-08	+1.1555873957e-07	-3.3409683573e-08	-1.0203204879e-07	+1.1823129602e-07	+8.4307023953e-08
-2.3477688296e-07	+9.1722269876e-08	+1.0233160264e-07	-8.1862498632e-08	-4.8232638037e-08	-2.7724299563e-08
+5.4815686897e-08	-1.5236448281e-07	+1.2086762275e-07	+4.4243477049e-08	-1.9371828836e-07	+1.8223813747e-07
+1.1688145103e-08	-3.8711315367e-08	+7.2736253433e-08	+1.0502907800e-08	-2.0314813907e-08	-1.0547023612e-07
+1.0976678500e-07	+1.1515987386e-08	-1.7213878369e-07	+1.5541698149e-07	-8.0968864242e-09	-1.4216455375e-07
+6.5784660017e-08	-1.3390740680e-08	+4.3778569585e-08	-5.9200161839e-08	+1.0321861681e-07	+7.7294813192e-08
-1.8206766212e-07	+1.3544050407e-07	-2.2167550022e-08	-8.9347126979e-08	+3.7702157514e-08	+4.1449463964e-08
+2.1666120531e-09	-9.7918709884e-08	+9.6511676234e-08	-1.2358448149e-08	-9.0046219686e-08	+3.6500398548e-08
+3.5563372626e-08	-9.9247380902e-09	+7.5764375433e-09	+5.3531645748e-08	-2.7328936746e-08	-5.1420748302e-08
-3.1054686611e-09	+1.1026252681e-08	-7.2493993034e-08	+5.9771881130e-08	-2.5562405431e-08	-8.8840346413e-08
+2.0238116819e-07	-5.2258089706e-08	-5.2522362516e-08	+1.3123112437e-07	-2.5250017795e-08	-2.6189468797e-08
-4.4547084212e-08	+1.2735991820e-07	-1.0266962849e-07	-1.1950037799e-07	+2.0746070296e-07	-1.4719048431e-07
-1.6157586647e-08	+1.1165160237e-07	-5.3567667360e-08	-4.2994039759e-08	-7.6855358644e-08	+1.6330317702e-07
-1.4850788248e-08	-1.0237205255e-07	+1.4600558625e-07	-4.2446180258e-08	-7.2032215588e-08	+9.8167584462e-08
+6.1513453571e-09	-1.7035100809e-07	+4.2270788915e-08	+2.1319257448e-07	-1.7016764138e-07	-8.9029089880e-08
+1.8561529324e-07	-7.7407598024e-08	-4.7977675677e-08	+5.8641658909e-08	-6.1315954789e-08	+3.1795947805e-08
+1.1063100955e-07	-5.1270292280e-08	-9.7002834158e-08	+8.5912362595e-08	+3.7523262159e-08	-1.2743402304e-07
-2.7710306302e-08	+1.5085999072e-07	-3.1999833441e-08	-1.1990208523e-07	+1.7707340773e-07	+3.0863661074e-08
-1.5297079503e-07	-3.2243924225e-08	+5.5940547443e-08	-4.8371377309e-08	-4.6940267486e-08	+1.9373392090e-07
-6.7467432653e-08	-4.7513884658e-08	+1.4202354944e-07	-9.4285446073e-08	-8.0655451512e-08	+5.0185644281e-08
+1.1581606992e-07	-1.0757829560e-07	-1.1792809298e-07	+1.8648218708e-07	-8.7634427471e-09	-1.1278139731e-07
+4.3530411573e-08	+5.0547184097e-08	-2.7973708040e-08	-2.1312760219e-08	+1.1254612356e-07	-1.5932376499e-07
-4.7932679108e-08	+1.9684973723e-07	-1.3829285082e-07	-5.4390719317e-08	+1.1538733536e-07	+5.8397715871e-08
-5.6146442088e-08	-1.3089766422e-08	+1.1503607784e-07	-1.9675573753e-07	-5.8722619521e-08	+2.7298562613e-07
-1.4032397492e-07	-1.0500343695e-07	+1.9577745272e-07	+3.1978731124e-08	-1.2522702564e-07	-6.6443070302e-08
+1.2838257744e-07	-9.4346012684e-08	-6.0622184123e-08	+1.5263178395e-07	-8.2002370032e-08	-1.5141501298e-08
+1.6472786637e-07	-7.2640327255e-08	-1.4718039131e-07	+9.0414721293e-08	+5.4643958500e-08	-1.6867474190e-07
+3.5335782254e-08	+2.5854035522e-07	-2.1087248115e-07	-6.4954712161e-08	+2.5620451148e-07	-1.9166477436e-07
-6.5260327203e-08	+1.9236576260e-07	+4.0781647554e-08	-1.5512545537e-07	-1.2272967987e-08	+2.8695233239e-07
-1.6267009795e-07	-2.2377512341e-07	+2.0074194344e-07	-3.7996257409e-08	-1.1626596643e-07	+3.5503108562e-08
+1.0287054304e-07	-1.5252920067e-07	-3.0200663622e-08	+3.4583761307e-07	-2.7779868531e-07	-1.3464733215e-07
+3.3875414714e-07	-1.3963098854e-07	-1.5023810004e-07	+1.5623661403e-07	+1.4180000285e-07	-1.5914787804e-07
-7.0996071311e-08	+2.8891830388e-07	-1.6657597266e-07	-1.7709006990e-07	+2.5155250899e-07	-5.2815209197e-08
-1.1460287261e-07	+8.2018744217e-08	+1.0051708263e-07	-1.7419484060e-07	-8.0537791287e-08	+3.0729295744e-07
-2.3231357310e-07	-1.4814123172e-07	+4.0714574570e-07	-1.4767635592e-07	-2.0414064950e-07	+2.0570380740e-07
+4.4775624172e-08	-1.4423631153e-07	-3.6892451047e-08	+2.0100452798e-07	-1.3681359353e-07	-1.9244109401e-07
+3.3484468214e-07	-1.1763317248e-07	-2.5165674829e-07	+3.1501187381e-07	+2.8709507220e-08	-2.7624195149e-07
+9.1628878959e-08	+3.2213368993e-07	-2.8887154665e-07	-1.4869336834e-07	+4.5741126843e-07	-2.0325819100e-07
-1.7566570056e-07	+2.8803060326e-07	-4.9813829105e-08	-1.6403328372e-07	+2.1173956032e-08	+1.7208318854e-07
-2.2250332984e-07	-1.6812282668e-07	+3.6280358595e-07	-1.3769605718e-07	-1.9533363813e-07	+2.5613973388e-07
+5.2068909537e-08	-1.7970045301e-07	+4.9940990024e-08	+2.7483675570e-07	-3.2641658645e-07	-9.0996363593e-08
+4.7059410595e-07	-2.8264678726e-07	-1.9160797567e-07	+3.0338494217e-07	-3.2785010946e-08	-2.1341621503e-07
+4.4215994800e-08	+2.8874378860e-07	-2.0295284161e-07	-1.7173584033e-07	+3.5592812632e-07	-2.0322882326e-07
-2.4198865014e-07	+3.4027258740e-07	-8.4624051980e-08
