TIMESERIES IS_MMLI__BHN_D, 5527 samples, 40 sps, 2008-01-04T15:49:45.743149, SLIST, FLOAT, 
+1.3379246655e-08	+2.5719604430e-08	+1.6548358025e-08	+1.3434125517e-08	+1.8674524673e-08	+8.0996723309e-09
-2.6176188733e-10	+5.2901142461e-09	+8.0952898712e-09	+6.4526759861e-09	-1.3896939634e-08	-2.4250974708e-08
+6.5094842960e-09	+4.1015303310e-09	-1.5085011576e-08	-5.7568298333e-09	+5.4534511152e-09	+4.0578702256e-09
-2.0694444013e-08	-8.9290280786e-09	+5.8546544779e-09	+2.4696531975e-09	+1.6152851542e-08	-2.3416261373e-08
+1.8081872095e-08	+2.5491367009e-08	-7.2211324343e-08	+3.2472679537e-08	+2.9705994246e-08	-5.4477419282e-08
+2.8499803528e-08	+7.2974788657e-08	-2.8872616281e-08	-8.1715218550e-08	+7.2575568893e-08	-3.0933073505e-08
-1.4117319590e-07	+8.1349334609e-08	+2.1052316556e-09	-5.7212500976e-08	+4.5412034481e-08	-5.0440187235e-08
-2.3605425301e-08	+1.0418805009e-08	+2.0687270786e-08	-2.3976746833e-08	-1.2937067620e-08	+1.5263435998e-08
-3.5570978842e-08	+5.2496574656e-08	-1.5067168516e-08	-2.1287191373e-08	-2.9763254029e-09	-1.2283034028e-07
-2.7664968797e-09	+9.5933017232e-09	-7.6366535718e-08	-6.9512377629e-08	-2.1311498814e-08	+1.0969483745e-07
+3.2104249203e-08	-2.4973456475e-08	+3.7617423801e-08	+1.7509548277e-08	-1.2162767688e-08	-6.3246178183e-08
+8.0831813436e-08	-4.2519763879e-09	-6.6472737613e-08	+6.2487721379e-08	-3.7000497212e-08	+1.9187282034e-07
+7.4440544867e-08	-6.8186438564e-08	+1.1872636366e-07	+5.1570001597e-08	-4.3440609164e-08	-4.5044226931e-09
+8.9860089338e-08	-2.7467963277e-08	-4.7004611220e-08	+2.7139599619e-08	-2.4374754682e-08	-1.7463095424e-08
+1.0540742134e-07	+1.0574730779e-07	-1.0675649183e-08	-1.7948998277e-07	+1.7828671402e-07	+2.6113333211e-07
-4.1855260744e-07	-7.3578726296e-08	+3.2303466675e-07	-3.3811493971e-08	-6.7626768300e-08	+3.4829924538e-08
+8.4842545093e-08	-6.9850431327e-09	-3.3767103067e-08	-9.0745219161e-08	+1.2101726959e-07	+2.6843074296e-07
-2.2441559040e-07	+8.5288446650e-08	+3.2809286414e-07	-1.8798979269e-07	+1.4662717983e-08	+1.0442152851e-07
-4.9421717017e-08	-1.5550167368e-07	+1.7616412881e-08	+1.7205122493e-08	-1.3219325771e-07	+2.5842919568e-08
-1.9860631919e-07	-3.3104020267e-08	+9.0796442775e-08	-1.0192946048e-07	-3.9724911366e-08	-1.3559545592e-07
-1.7127537659e-07	-2.6048580891e-08	+6.5166549997e-08	-3.1509922576e-07	-1.4157976249e-07	+1.8767375556e-07
-8.9810573932e-08	-6.9067598870e-08	+1.0809692738e-07	-7.5614618066e-08	-1.4789249120e-07	+6.8824354645e-09
+1.5774839531e-07	-9.0490249030e-08	-8.7128231002e-08	+4.4364233167e-08	-1.3605691882e-07	+9.6688628796e-10
+4.6468146292e-08	-2.1962320094e-07	-7.8752104412e-08	-4.2799931086e-08	-1.2039522183e-08	+1.0097890479e-07
-2.5153676588e-08	-1.2122663360e-08	+6.0419956782e-08	+2.2311850659e-07	+5.9712662366e-08	+1.4694865833e-07
+1.5230221631e-07	-1.0055059198e-07	+1.0330193741e-08	+3.1246211957e-07	+7.8333204879e-08	-1.3923125384e-07
+1.4668921782e-07	-1.0245622317e-07	+1.3596916937e-07	+7.7642588590e-08	-1.1350016398e-07	+2.8823871344e-07
-2.9405741791e-07	+7.9670626100e-08	+1.3305791826e-07	-1.6316955044e-07	+1.7476910594e-07	-1.7486058359e-07
-1.6517834778e-07	+9.1735715899e-08	+3.5255488125e-07	-3.3757176474e-07	-1.3125287468e-07	+5.7283989604e-07
-1.6957399637e-07	-1.4305229520e-07	+2.2064659513e-07	+2.5240719183e-07	-3.5005007462e-07	+1.0341629072e-07
+1.8654120088e-07	-2.6926332469e-07	+4.4493353848e-07	-5.9534934128e-08	-2.3734893641e-07	+4.6206953638e-08
+2.4061020228e-07	+1.2727556489e-07	-4.0530818677e-07	+3.1092364147e-07	+5.2750079010e-07	-5.0566872246e-07
-1.8798311477e-07	+3.2795384894e-07	-7.9216820141e-08	-1.1726722877e-07	+2.9429449765e-08	-6.3365478050e-08
-2.6680320881e-07	+1.2117269925e-07	-4.2833721128e-08	-2.2952244288e-07	+1.7800689943e-07	+2.3092015195e-07
-1.3750116962e-08	-2.5786064257e-07	+1.8263985006e-07	+3.1990678807e-07	-2.5705768892e-07	-1.5816850027e-07
+4.8143953255e-07	-1.1507574095e-07	-6.3043274489e-07	+5.0489489173e-07	+1.4770090513e-07	-5.4259678160e-07
+8.1453460396e-08	+3.6476251576e-08	-9.9308709075e-08	-1.5873315351e-07	-2.3162392869e-07	-9.2040559558e-08
-2.6448005583e-07	-2.6421555326e-07	+3.1135403787e-07	+1.7029173107e-08	-4.7521653584e-07	-1.2850042828e-07
+1.9369415275e-07	+1.5869266914e-07	-3.6976693083e-07	-6.2680319053e-08	+1.7915766603e-07	-3.1730289321e-07
-5.0471898609e-09	+1.5805856222e-07	+1.0939395491e-08	+6.2714336051e-08	-1.7877950164e-07	+1.3185217027e-07
-1.0068449103e-08	+4.0806166238e-08	+1.5372449741e-07	-3.6724706909e-08	+2.7741143758e-08	-7.8089925322e-08
+1.1950037724e-07	-8.9946301152e-08	-7.5661173906e-08	+4.4213279124e-08	-2.8844962942e-08	+6.1714355549e-07
+2.0222098664e-07	-1.1536462112e-07	+8.4692354028e-08	-3.6286406957e-07	+1.6236055181e-07	-1.5881636353e-07
-3.1426013696e-08	+2.8516889888e-07	-5.2564695720e-07	+4.2413714396e-07	+2.3472709583e-07	-4.3005993352e-07
+3.0121134650e-07	+3.4479756825e-07	+3.8703770249e-07	+4.7142233501e-08	-4.4635577867e-08	+4.1956086904e-07
-2.2154947599e-08	+2.3365259446e-07	-7.4060400076e-08	-2.7018909726e-07	+5.0288541269e-07	+1.2140745269e-07
+1.2734885378e-07	+2.8675592075e-08	-1.2741082554e-07	+2.9286811294e-07	-3.9605895965e-07	-1.9856229896e-07
+3.4026885105e-09	-5.7187401434e-07	-4.2708328965e-08	+2.3154925376e-07	-2.0273054009e-07	-3.2548284192e-07
+5.9822814635e-08	+1.8191643793e-07	+1.6264429478e-08	+2.1464525957e-07	-2.9904812950e-07	-1.8500110320e-07
+2.2195936562e-07	-3.6421880414e-07	-1.1679526193e-07	+5.4113882173e-07	-3.4403985887e-08	-6.3949801084e-07
+2.7372500389e-07	+3.4853216614e-08	-2.5536248084e-07	-2.2107082081e-08	-3.6903124210e-07	+7.4990349177e-08
-2.0080881762e-07	+1.3782165008e-07	+6.7179234694e-08	-6.3030080434e-07	+2.0455961217e-07	-6.5876509155e-08
-2.6406634871e-07	-7.4791658150e-08	-7.7377973429e-08	+4.0997268959e-07	+1.1883763398e-07	+2.2079333228e-07
+1.5589266593e-07	+1.9927368403e-07	+4.6686746391e-07	-3.6032504293e-07	+5.8939993474e-08	-5.2352516456e-08
-1.1108510213e-07	+3.4258052574e-07	+1.3660653216e-07	+5.2823253337e-07	+5.9839687827e-08	-1.5368398419e-07
+2.0051398420e-07	-1.1237531692e-08	-1.5240628953e-07	-3.8157961750e-07	-1.9677441552e-08	+2.7897836494e-07
-1.8409135814e-07	-4.8065044496e-08	-4.1281937705e-08	-2.1841717269e-07	-2.0939085272e-07	-3.5413227674e-07
+6.5207675012e-08	+3.4544258912e-07	-1.3026908792e-07	+3.6506734162e-07	+1.1748042344e-07	-7.2929498622e-07
+5.3839087740e-07	+3.3535410976e-07	-8.3167808249e-07	+2.2412618697e-07	+3.3040348486e-07	-1.6698206256e-07
+1.2499031955e-07	-1.0526673026e-07	+7.0635666899e-08	+2.1853147006e-07	-5.1085599438e-07	+2.0567358600e-08
+1.6189622014e-07	-1.3530506473e-07	-1.7952098547e-07	-8.2024425827e-08	+2.4394518840e-07	-4.5266099043e-07
-2.4423240924e-07	+2.9324388655e-07	-2.5202793326e-08	-1.8783132791e-08	-1.8598293058e-08	+3.1416738760e-08
+4.4830573686e-07	+1.7095432170e-07	-4.1260219537e-07	+2.9293612402e-07	+1.1523565490e-07	-5.8981073949e-07
+8.9483647270e-09	+2.0910299473e-07	+1.1695406040e-07	-1.4662369284e-07	+2.4986330454e-08	+2.9506686615e-07
+3.0432783975e-07	-4.1788347336e-08	+2.4860245863e-07	+2.4220167641e-07	-2.8798700978e-07	-2.3439125398e-07
-1.1903784558e-08	+7.0230457207e-07	+3.3109065734e-08	-2.6488716876e-07	-1.2597571455e-07	-1.3537484638e-07
+7.0181018960e-07	-1.0568259942e-07	-8.2395354706e-07	+6.5968045045e-07	+2.7082550622e-07	-1.1459973028e-06
+2.7586730512e-07	+7.1573272998e-07	-5.0986913835e-07	-4.3948835434e-08	+2.6721852875e-08	+1.3966049960e-07
-1.2780787544e-07	-1.7951120487e-07	+4.6920367642e-07	-5.0345363764e-07	-4.4418826796e-07	-5.4618211712e-08
+4.1992754003e-09	+8.0092593723e-08	-4.5511635142e-08	+2.8786181416e-07	-3.8820372684e-07	-1.2338600734e-07
+8.5223960423e-08	-2.1922834961e-07	-3.1468633810e-07	-3.5993682270e-08	+6.8689433526e-07	-2.4405404450e-07
+4.3229999583e-07	+3.2030148690e-07	-2.0973576371e-07	+3.2843245295e-07	+1.2974369978e-07	+2.1743460354e-07
-3.8064349415e-07	+8.8663091668e-08	+6.9046986760e-07	-4.4181001126e-07	-3.2516564837e-07	+2.3758695766e-07
+1.2175671206e-07	-8.1694402645e-08	-3.8010272987e-07	+7.2784410572e-07	+1.6024976985e-07	-8.1473982462e-07
+2.8228856764e-08	-2.2332831214e-07	+2.1135194121e-07	-1.9086310901e-07	-7.1199116463e-07	+3.9988871187e-07
-4.2056044696e-08	-4.3264077286e-07	-1.8762097557e-07	+8.6245966418e-08	-2.0792675767e-07	-3.4050193849e-07
+5.0890248699e-07	-3.2253020662e-07	-8.0401537937e-07	-1.3877046890e-07	+7.2835426323e-08	+3.7179154853e-07
-7.6351171087e-07	-2.4209361308e-07	+9.6733674067e-07	+1.5721818185e-07	+5.6802037157e-07	+7.5677268810e-08
-2.4662887841e-07	+7.3535745613e-07	-3.0267568106e-08	-8.9627363357e-08	+1.2555452367e-07	+4.8186598994e-07
+3.9476211161e-07	+2.7566327294e-07	+5.2864950167e-07	+5.9189643713e-08	+2.6166301069e-08	+4.2849793044e-07
+3.6513626390e-07	-2.4977402214e-07	+3.6810772327e-07	+8.8712663981e-08	-1.9070251850e-07	+6.5026627418e-07
-3.6582164467e-07	+2.4782182320e-07	+2.1908544696e-07	-4.5942229809e-07	+4.3498399734e-07	-6.4683398850e-08
+1.6129550623e-07	+1.1111001499e-08	-4.0106102014e-07	-3.0349524186e-07	-6.4335622092e-07	+3.5223264027e-08
-1.0341809681e-07	-2.4796359703e-07	-3.3764964016e-07	-3.1394677222e-07	-1.2367363520e-07	-5.3235091044e-07
-5.6905236207e-07	-5.0364749899e-07	+3.2758728034e-07	-3.8670837846e-07	-9.4407073421e-07	+2.0793036228e-07
+5.9905190383e-08	-4.2925940317e-07	-1.6085997531e-07	+6.2461058093e-07	-4.0858863029e-08	-6.8791804663e-07
+2.3190451058e-07	-9.9717384976e-08	-5.5094207397e-07	+2.6449423017e-08	-4.6695147744e-10	+2.7632956933e-08
+1.7012807210e-07	-2.5303514711e-07	-2.5281338006e-08	-9.2747783389e-08	+2.1804213517e-07	+7.8134025675e-07
-5.3795119374e-07	-3.2802091927e-07	+5.6404832797e-07	+2.4301370100e-08	-1.0176260890e-07	+5.3393496797e-07
+8.5171180438e-07	-5.2349876041e-07	+7.2116705804e-08	+9.2882070155e-07	-1.3201714668e-07	+5.0505411835e-07
+4.2234181402e-07	+4.0220167063e-07	+1.9637655335e-07	-5.3122975002e-08	+5.8977317383e-07	+9.2871295436e-08
+5.6582731503e-07	+1.7722191064e-07	+2.2862260300e-07	+1.0600497787e-06	+4.1446668621e-07	+2.7551096717e-07
+2.7038098115e-08	+5.1614611817e-07	-3.7553616390e-07	-6.0417479139e-07	+3.4014603301e-07	-2.0074879484e-07
-1.0727032861e-06	-2.9563485714e-07	+5.0924991305e-07	-1.2436923037e-06	-4.7800013160e-07	+6.0888020395e-07
-1.0422993534e-06	-7.9493063799e-07	+3.4872525477e-07	-5.5640318501e-07	-8.7376295648e-07	-5.2943285309e-07
-3.8291045417e-07	+1.2875173500e-07	-3.0385518595e-07	-3.6025116547e-07	-1.2496049781e-07	-1.9586008887e-07
+1.3020275318e-07	+3.9064454858e-08	+2.2203568130e-07	+1.4915690067e-08	+7.0067602746e-07	+4.2434297127e-07
-4.1532844534e-07	+3.6189058358e-07	+2.4084703298e-07	+4.7568399539e-07	+4.2795565212e-07	+8.5658405462e-08
+6.6012870061e-07	-1.0680518939e-07	+1.8929235491e-07	+6.8713743445e-07	-2.3411526738e-07	+1.2149162264e-07
+2.5844749997e-07	+7.2689007490e-08	+4.6690105511e-07	+7.1295686333e-07	-1.6811727717e-07	-3.2671578845e-07
+1.4625618752e-07	-1.2964713962e-07	+3.0479604044e-07	+3.3750493903e-08	-4.7036863140e-07	-5.8218388724e-08
-3.2433966234e-08	-5.3550590393e-08	-3.1525263698e-07	-5.1314470107e-07	-3.1234929516e-07	-1.8679657303e-07
-5.5287225815e-07	-1.2806963786e-07	+2.5653602410e-07	-7.6274704593e-07	-1.1134730628e-07	+2.8618661782e-07
-6.9283020316e-07	-3.2510968750e-07	-3.9097831467e-07	-2.0796373431e-07	+7.0354234594e-08	-7.7356606501e-08
-2.0719062396e-07	-7.6421763263e-08	+5.3670476856e-08	-3.1539269950e-07	-2.7987135838e-07	+2.6757728771e-08
-6.6708971959e-08	-6.2436808808e-07	-2.4250241627e-07	+8.2328335211e-07	+8.7269986241e-08	-3.3478955037e-07
+7.3701326135e-07	+7.1320467411e-07	-2.9498476180e-07	-2.3386182106e-07	+3.2864734128e-07	+2.3409485799e-07
-1.4508518001e-07	-8.4247648117e-08	+5.5064777461e-07	-4.9196796723e-07	-1.1220505851e-07	+2.3589717070e-07
-6.7708499399e-07	+4.3470025391e-07	-4.9711269653e-08	-9.6749713131e-08	+2.9122125351e-07	+1.2302826882e-07
+3.8366406960e-07	-1.5618253246e-07	+5.7241013510e-07	+7.7364304022e-07	+1.9781818708e-07	+3.1361682447e-07
+1.7094193913e-07	+3.2620409916e-07	+6.0190441758e-07	+6.7914355118e-07	-2.1437244996e-08	+1.7850803005e-07
+1.0019936836e-06	-2.4876214741e-07	-2.0625490446e-07	+9.1036071167e-07	+7.4606916508e-08	+7.2587438744e-08
+8.0813756179e-07	+3.3385772191e-07	-3.7047914468e-07	-3.7751772047e-07	+4.8365302660e-07	-4.2390196953e-08
-3.8790917908e-07	-2.2047741394e-07	-1.1338944275e-06	-2.5040078064e-07	+4.5715916731e-07	-4.9318196139e-07
-5.8859410415e-07	-2.9238095375e-07	-4.5159907291e-08	-7.1328976989e-07	-1.3782237752e-07	+3.5820674045e-07
-6.2892291124e-07	-4.9238420412e-07	+4.5042223012e-08	+1.0764016427e-07	-6.3624405023e-07	-6.2333348967e-07
+2.6123120303e-08	-1.9151717708e-07	-2.4699149192e-07	-8.9411572824e-08	+8.2709884399e-08	-4.0783136112e-07
+1.2415659903e-07	+5.8386435273e-07	-2.1165745394e-07	+2.8896791846e-08	-3.9451898363e-07	-4.9844733126e-07
-1.9123915058e-07	-2.0738567167e-07	+1.1371524525e-07	-8.1982817510e-07	-2.6530035042e-07	+9.1326686540e-07
-1.9456117623e-07	-9.9469764272e-08	-7.1583550848e-07	-1.8907242479e-07	+1.2223655267e-06	-3.7798113635e-07
+1.9766483363e-07	+7.0926619070e-07	-3.3330319344e-07	+5.5268258935e-07	+6.5532859326e-07	+2.9485603758e-08
-3.0430203840e-07	+8.1444142572e-07	+7.0757419009e-07	-3.9830115472e-07	+2.6819804745e-07	+4.4039351959e-07
-1.5265664936e-07	+2.4077336359e-07	+5.4381884704e-07	+4.0992622304e-08	+1.7668452459e-07	-1.9955386448e-07
+1.1164904879e-07	+5.2136049378e-07	-2.1101003910e-07	+1.8052796562e-07	+6.1314191260e-08	+3.8516870814e-07
+1.0741756448e-08	-2.7084401845e-07	+4.8483803849e-07	+1.1621365030e-07	+2.0221659635e-07	-4.8976519324e-07
+3.5831964216e-07	+3.6930323119e-07	-1.0892943828e-06	+3.4331035378e-07	-7.1860272100e-08	-7.1977810083e-07
-6.1958133080e-07	-5.2991738394e-07	-3.3742259118e-08	-1.5095100038e-06	+2.6070447159e-08	+5.4905655169e-07
-1.2190948661e-06	+1.6035801284e-07	+2.4393949951e-07	-5.5092100549e-07	-3.2958161324e-07	-2.7225202877e-07
+1.0166875123e-07	-4.5092952686e-07	-1.7699507963e-07	+3.8714988225e-07	-1.7197487448e-07	+3.9255931619e-08
-8.7270010879e-09	+3.6400379777e-07	+2.1116590804e-07	+2.6056787651e-07	+3.9031711288e-07	-6.8480238422e-07
+1.9662358748e-07	+7.6641834987e-07	-1.6299164986e-07	+1.4343569592e-07	+6.8532059862e-07	+1.3766317043e-07
+2.8115703322e-07	+8.1462562668e-07	+2.4958618049e-07	-3.5401640507e-08	+4.0391969834e-07	+3.5528034432e-07
+2.7691490344e-07	+1.7447590639e-07	-2.0304989473e-08	+4.6212206106e-07	+4.2250135491e-07	-1.7665745999e-07
+5.3761915593e-07	+5.3174595309e-08	-6.2462599728e-07	+7.4152886937e-07	+4.4040590688e-07	-6.2117925437e-07
-3.5708219566e-07	+2.9262588938e-07	+3.0964259557e-07	-5.0180949658e-07	-3.1065809410e-07	-8.2957929050e-08
-5.8925631266e-07	-8.1924667807e-08	-3.8887573075e-08	+9.5641288890e-08	+1.0630546736e-08	-4.5957552690e-07
+8.1222482898e-07	+1.3666107018e-07	-6.5556282464e-07	-2.4998088426e-09	-4.4282200250e-07	-1.5238037374e-07
-1.6431638740e-07	-3.4866708620e-07	-1.3574392441e-07	-8.7384072367e-07	+5.1000141308e-07	+4.4022746819e-07
-9.3785429728e-07	+1.3607982402e-08	-3.6489006756e-07	-3.1068258804e-07	-4.5845964845e-07	-5.1718515977e-07
-2.2976436092e-07	-9.5493110405e-07	+4.0407859258e-07	-1.7852991486e-07	-6.3556936103e-07	-1.3140063608e-07
-4.7927122097e-07	+3.9010685825e-07	-4.3530072822e-07	-1.2433371094e-08	+6.9865665014e-07	-6.6296820333e-07
+1.5843821631e-07	+8.6477621685e-07	+5.3296573613e-07	+1.2356315800e-07	+4.4967406184e-07	+4.4656279097e-07
-5.2472523842e-08	+8.6412447656e-07	-5.6190909927e-08	-4.7978722627e-07	+7.7485950947e-07	+6.1313041089e-07
-7.3407652945e-09	-2.5513091913e-07	+5.4437131411e-07	+4.1768406905e-08	-1.8558567610e-07	+4.3001904983e-07
-2.7586829944e-07	+1.0950999480e-07	+3.9932368884e-07	+1.0860394763e-07	+5.5636783953e-08	-3.2112949753e-09
+2.5517726435e-07	-5.5650920573e-07	+6.0033393854e-07	+7.5815507306e-07	-4.8207164445e-07	+9.2017597939e-07
+1.2519021603e-07	+5.8411577199e-08	+1.4217257282e-07	-1.9272944003e-07	+6.4558862764e-07	-7.9040611128e-07
+1.6506605267e-07	+4.0634622380e-07	-9.8251877250e-07	+5.1716070501e-07	-9.0275841760e-08	-8.1717033683e-07
+1.4636023442e-08	+9.3764163226e-08	+1.0043649133e-07	-5.7471223592e-07	-3.7389502860e-07	+5.3619702864e-07
-6.0985647349e-07	-5.3471825868e-07	-2.8184340561e-07	-6.4629142391e-07	-2.9103629257e-07	-6.7116143143e-07
-9.6153901331e-08	-5.6243859454e-07	-1.5772803323e-07	+6.6164299231e-07	-1.2814839534e-06	+9.0386235115e-08
+6.0863106646e-07	-8.3194704474e-07	+4.7761625949e-07	-1.7801693249e-07	+5.7824770631e-09	+7.7023939353e-07
-6.1853039842e-07	+6.4507342639e-07	+4.0021264725e-07	-6.7234862251e-07	+9.7395751162e-07	-1.4492787072e-08
+1.6610285666e-07	+1.3024754694e-06	-7.6752717372e-07	-1.1391518812e-08	+7.4316781960e-07	+3.3311625545e-07
+3.0117117936e-07	+2.9873224701e-07	+9.5702589371e-07	+2.3729710597e-07	+1.7909856917e-07	+8.4848506903e-07
+5.4704448276e-07	-6.9809437058e-08	+3.4667108092e-08	+4.4777709005e-08	-2.1634745018e-07	+2.0280588733e-07
-4.9225044698e-07	-9.4837855546e-08	+6.4382571882e-07	-7.7987036547e-07	-3.1400005126e-07	+5.0806833945e-08
+1.6340884144e-07	+1.2169543182e-07	-1.2635071951e-07	+1.8603232323e-07	-7.4192914521e-07	+1.9702070505e-08
-3.3032089637e-07	-4.3533108886e-07	+6.3883394240e-07	-2.7449207970e-07	-2.1124928931e-07	-2.4309300754e-07
+3.2270872627e-07	-1.2083639844e-07	-7.9116015850e-07	+4.3338875003e-07	-3.7734925252e-07	-9.6027100817e-07
+4.5611191689e-07	-7.7528196247e-07	+1.0270587591e-07	+5.4674807321e-08	-2.5240879884e-06	-1.1773876029e-07
-2.3904983675e-06	-4.4248532907e-06	-2.9215186766e-06	-4.7124179429e-06	-3.0008851004e-06	-1.4852062846e-06
+9.5716087540e-07	+4.5408683181e-06	+3.9026400899e-06	+5.1274804641e-06	+4.0392865921e-06	+2.7694523635e-06
+5.9871103948e-06	+5.2306002181e-06	+5.3994095614e-06	+1.7845513546e-06	-7.5851161751e-06	-1.1889877210e-05
-1.1691967961e-05	+1.1485296102e-06	+6.9740859887e-06	-9.1847396346e-06	-7.7659577439e-06	+2.3494584848e-05
+3.7200911380e-05	-1.8977365451e-06	-4.0623749911e-05	-1.4265020986e-05	+5.0237468296e-05	+3.8394609579e-05
-5.2161730460e-05	-5.3232062018e-05	+3.5882518786e-05	+6.8369879968e-05	-1.1751722317e-05	-7.7760609128e-05
-1.1924204641e-05	+4.1443628732e-05	+5.2809159780e-06	-4.6056994488e-05	-3.4230660941e-05	+2.5017410323e-05
+1.5686965646e-05	+7.3515049235e-07	+6.9601278029e-06	-5.5268659692e-07	+2.5841155333e-05	+6.1455980704e-06
-4.4691937411e-05	+4.2613092214e-06	+5.6109103090e-05	+1.0546143737e-05	-5.7867976577e-05	-3.5018466805e-05
+6.2740709065e-05	+4.2915993247e-05	-4.3189842064e-05	-2.4778848691e-05	+1.4007883545e-05	-1.5375318276e-05
-3.1682839966e-05	+1.2706071247e-05	+7.2036946446e-05	+6.6809180211e-05	-4.3916262696e-05	-5.7933498883e-05
+6.5114365406e-05	+3.8460395639e-05	-8.2257026024e-05	-7.0016602823e-05	+1.0020455364e-05	+8.2072843027e-05
+2.5060735955e-05	-7.2031000708e-05	-1.2020130486e-05	-1.4568412796e-05	-2.0762736115e-05	-1.6855001152e-05
-5.6049195515e-05	+5.5325485376e-05	+6.3048186862e-05	+6.4193530205e-06	-4.4539653231e-06	-1.3485909169e-05
+6.2459122831e-05	-3.9540170208e-05	-1.1503357767e-04	+4.6303538066e-05	+1.2412179341e-04	+1.9273391724e-05
-1.2542553278e-04	-5.8029553610e-05	+8.5623417634e-05	+5.1493952716e-05	-2.6830650162e-05	-4.7940272909e-05
+4.7376010283e-05	+7.2674451000e-05	-2.9552368176e-05	+1.6442859676e-05	-2.9399353982e-05	-7.8952460294e-05
+5.5964814146e-05	+3.5434347406e-05	-1.4074794716e-05	-1.0600211740e-05	+2.9883137851e-05	+4.6272070341e-06
-9.7877169792e-05	+8.0399037900e-06	+4.1218843896e-05	+7.9661475035e-06	+1.3775163057e-05	-3.9006205107e-05
-9.8578666809e-06	-2.2721234600e-05	-3.6076684951e-05	-1.8702111457e-05	+2.5285863467e-05	+6.0729787613e-05
+7.2367291970e-06	+2.8008896010e-05	+3.4145408888e-06	-4.0513847993e-05	-5.2731698346e-05	-4.0338000141e-05
+3.4990555385e-05	+1.8238330439e-06	+2.5216329296e-05	+8.2381549881e-05	+4.8182097203e-05	-1.8634567543e-05
-7.2100790370e-05	+1.1219312520e-05	+2.1409151354e-05	-5.5327283764e-05	-4.4461848440e-05	+4.6295166653e-05
+1.1652219439e-04	+6.8748658321e-06	-7.2458568775e-05	-7.4039945604e-05	+3.0201896996e-06	+8.6068949629e-05
-4.1520614876e-05	-8.4857370991e-06	+5.9028361749e-05	-5.2130016978e-06	-7.0718400083e-08	-5.4234101719e-05
-4.9937784485e-05	-8.3774543903e-06	+6.2076218168e-06	+7.8905611617e-05	+2.6322413501e-05	-9.4625378048e-05
+7.7482163489e-06	+1.2074075874e-04	+2.0175429735e-05	-1.1200438370e-04	-6.0375475110e-05	+8.1373712727e-05
+1.7382045542e-06	-8.2497544299e-05	-6.8004878444e-07	+5.3354344246e-05	+2.4292089735e-05	-8.6091230388e-06
+1.9843473589e-05	-2.6359712073e-05	+4.0714702981e-06	+5.1377133979e-05	-1.8323989269e-05	-2.8285668174e-05
-4.0352462404e-05	+1.8017472737e-05	+3.8615623163e-05	-4.4006372705e-06	-6.3043340047e-06	-2.2676395209e-06
+3.7795178031e-06	-6.5671793476e-05	-5.2780500113e-05	+4.8369776894e-05	+8.7177304752e-05	+2.0537729028e-05
-1.7226234617e-05	+2.1162969822e-05	-7.7465418538e-06	-2.5954508158e-05	-2.2029179228e-05	-1.8598747792e-05
-4.7867422055e-05	+1.2407848470e-07	+1.3275550254e-04	+6.3068423599e-05	-6.6769850479e-05	-6.8067653572e-05
-3.1379444372e-06	-5.8930426848e-06	-4.2876671759e-05	+6.0644189713e-06	-1.6621062950e-05	+2.7374776571e-05
+1.0191966513e-04	-3.1828966415e-06	-3.6803163001e-05	-1.7023397369e-05	+9.8258688001e-06	+4.8433158815e-05
+1.8463121659e-05	-5.5434815196e-07	-1.5780879139e-05	-4.4741202446e-05	-5.0640995565e-05	-3.6638336661e-05
-1.3303323279e-05	+1.1212277800e-05	-9.5859307926e-06	+3.3154244444e-05	+6.0505261459e-05	-4.3747994878e-05
+6.2020079617e-06	+8.6742713215e-05	-2.2552841525e-05	-6.4979851076e-05	+1.9881398635e-05	+9.4972331530e-05
+4.8741025005e-05	-7.1078769598e-05	-7.3617907636e-05	+8.3568235502e-06	+5.7340729610e-05	-4.1490320097e-05
-1.0948931495e-04	+5.1184913921e-05	+9.4843404939e-05	-4.9582202008e-06	-1.8688849712e-05	-3.7358140808e-05
-3.3964597065e-05	+4.6527839664e-05	+7.4501314286e-05	-2.9155884119e-06	-8.4963062366e-05	-3.2108907657e-05
+3.2495981079e-05	-4.8559004426e-05	-5.6861816814e-05	+4.1132416643e-05	+6.8298310997e-05	+2.3911187055e-05
+4.1094256951e-06	-1.0160663828e-05	-6.2969267793e-05	-5.9768765806e-05	+1.4321151463e-05	+8.2823193755e-05
+2.2366501146e-05	+3.5303006681e-06	+5.6553010469e-05	+8.1623306838e-06	+2.1315681316e-05	-2.6793933209e-05
-3.6893937836e-05	+7.5627364899e-06	-7.7967387397e-05	+1.4324623467e-05	+6.1392132185e-05	-2.0992661181e-05
+2.2885418959e-08	-4.7042255914e-05	-4.8506460072e-05	+7.9001856799e-05	+7.2028987298e-05	-1.8837101860e-05
-6.4351953685e-05	-1.1678088152e-04	-3.5657845579e-05	+1.7668090292e-05	-2.7310784577e-05	+6.8634849094e-05
+1.3910979631e-04	+1.5339375340e-04	+1.9074246418e-04	+1.6354675566e-05	-3.1021958987e-04	-3.0100171891e-04
-2.7347172846e-05	+8.9265863808e-05	+1.9641108666e-05	-9.1301628809e-06	+1.7184769926e-04	+1.9373217375e-04
+3.4309615511e-05	-1.3430095645e-04	-3.2173468143e-04	-7.1757018165e-05	+2.9331792986e-04	+1.2687554195e-04
-1.1881588943e-04	+4.1136010541e-05	+1.4720072777e-04	-1.0213339755e-04	-2.3357436451e-04	-5.4722522467e-05
+7.2200301190e-05	+8.0337345569e-06	+7.9751838195e-05	+1.7316829068e-04	-1.9636563258e-05	-2.1555634363e-04
-2.1437022604e-04	-5.8139763102e-05	+2.0138186367e-04	+2.7001775635e-04	+2.4678673668e-05	-8.8880761464e-05
+6.4018156333e-05	+9.9788023249e-05	-4.1940175519e-06	-1.4519885153e-04	-1.3448692355e-04	+6.5355039870e-05
+1.5503560747e-04	+6.6525457078e-05	-1.5153959035e-04	-1.5586928533e-04	+5.6235447234e-05	+2.5255315851e-05
-1.2747655043e-04	-2.0699163137e-05	+1.0079452943e-04	+4.2249594801e-05	-1.4912859983e-05	-1.3016681105e-04
-9.6167077265e-05	-3.3506331402e-05	-5.0023611905e-05	+4.6099473283e-05	+5.2741709921e-05	+1.4337293222e-04
+1.8344742247e-04	+1.1264956666e-04	+1.6708966463e-04	-9.0550796736e-05	-3.0245056999e-04	-1.1875973524e-06
+9.6710644340e-05	-6.6262097146e-05	-1.7248493132e-05	+3.6577371277e-05	-2.1663812719e-05	-1.3964969724e-05
+6.9337926621e-05	+6.2620026351e-05	-8.0472349603e-05	-1.3579975827e-04	+1.0780599151e-05	+9.8025479656e-05
-1.5217350385e-05	-4.6742094084e-05	+5.9191493472e-05	+1.0190858939e-04	+1.5246470950e-05	-6.0215178684e-05
-7.9977787692e-05	-6.8542754177e-05	+7.6257550411e-05	+1.2762893359e-04	+1.0815273809e-04	-8.3783357554e-06
-2.6638595746e-04	-1.1546432668e-04	+1.2552568934e-04	+3.6396633825e-05	-7.8320658049e-05	-9.1355011094e-05
+2.9492420184e-06	-3.8031415512e-05	-8.5226516115e-05	+9.3300694152e-05	+1.9802277774e-04	+1.6714801484e-04
+1.4579608840e-05	-1.1190433365e-04	-7.3051354133e-05	-1.2956081532e-04	-8.1236707184e-05	+1.0528585882e-04
+1.3039580181e-04	+1.2923239582e-04	-2.4319598632e-05	-1.7479050133e-04	+2.1032501239e-05	+1.2186491466e-04
-6.2682521312e-05	-1.0842052859e-04	-2.9955765525e-05	+2.6148094721e-06	+4.5846945213e-05	+6.4573388009e-06
-4.7507075368e-05	-6.0059562837e-05	+5.3641255777e-07	+6.7540508094e-05	+3.3100442115e-05	+1.3181027614e-04
+1.9312630109e-04	+1.6662097815e-05	-9.8117140954e-05	-4.9914715501e-06	+8.0801997977e-05	-5.9266280996e-05
-2.4463330872e-04	-1.8800339082e-04	+3.3006416741e-05	+8.2838628513e-05	+9.6575248797e-06	+8.6589246858e-05
+9.8302275694e-05	-1.2446033436e-04	-2.0020682810e-04	+3.1953999109e-05	+7.6148898841e-05	-2.7384475837e-05
+6.2041420002e-05	+7.7399998401e-05	-3.2889761278e-05	-3.1571562459e-05	+1.2241503423e-04	+2.0393186284e-04
+4.3314470816e-05	-1.4907891682e-04	-2.6198180008e-05	+9.5540600443e-05	-6.8444524066e-05	-9.5543954568e-05
-2.7305616558e-05	-6.7872580762e-05	-9.8081905060e-05	+5.3489098843e-06	+1.1174397614e-04	-4.5144752708e-05
-1.5965257887e-04	+6.9344534699e-05	+1.7033157454e-04	+6.5050410850e-05	+8.3166115910e-05	-3.3068705364e-05
-9.3806342480e-05	+4.1447512383e-06	-2.3760894495e-05	-5.6837835508e-05	-8.8434871464e-05	-3.1799261256e-05
+4.1032842392e-05	+4.9507596852e-05	+5.3214797321e-05	+1.6160409603e-05	+2.9383678911e-06	-1.4831646984e-06
+8.5123649704e-05	+1.2563088270e-04	-8.8405206424e-05	-2.2216119923e-04	-1.0003232352e-04	+1.0431817192e-04
+1.3857535320e-04	-8.5120670515e-05	-4.0150819647e-05	+1.6478028104e-04	+4.6161149270e-05	-4.9712118760e-05
-1.9761495461e-05	+1.6315663692e-07	-3.8884704944e-05	-5.4206442155e-05	+1.4848800351e-05	+1.8094838811e-05
+5.5084510366e-05	+7.3992830317e-05	+4.2803804137e-05	-1.0926452872e-05	-1.1687006870e-04	-1.1593280771e-04
+1.6702013176e-05	+1.2469028862e-04	+4.9486834163e-05	-3.8430250997e-05	-4.2934302570e-05	-6.2467939335e-05
-2.9135158084e-05	-5.4366639352e-06	-1.5915698770e-05	-2.5658586499e-05	-4.1196036439e-07	+1.1502459887e-04
+1.0271265181e-04	+1.1383653367e-05	-2.0721390365e-05	-2.1031474844e-04	-2.0144326493e-04	+9.6051250003e-05
+2.1393990834e-04	+1.3511230189e-04	-8.1624642556e-05	-1.7148237771e-04	-8.2393673920e-05	+1.6295132176e-05
+5.6562973726e-05	+5.3892646411e-06	+1.0835711131e-04	+1.8184988666e-04	+5.1379984977e-05	-2.3270407119e-05
-2.8455981680e-05	-4.2085647806e-05	-3.5062805993e-05	-2.8300774823e-05	-4.1901609696e-06	+2.8302644369e-05
-6.9579083398e-06	-9.8059612969e-05	-9.4897001969e-05	+2.5384339427e-05	+6.5413234125e-05	+4.6538773576e-05
-3.4014016989e-05	-9.2590008107e-05	-8.3101401175e-05	-9.4430970395e-05	+5.0317946786e-05	+1.0734381503e-04
+1.6086375869e-05	+3.5500681803e-05	+5.0972188380e-05	+5.3669937967e-05	+2.4524766842e-05	+4.0799884955e-05
+7.2894874101e-05	+1.4363612629e-05	+4.6233050083e-05	+6.4943929241e-05	-1.0384315242e-05	-7.6393476209e-05
-7.9160436144e-05	-1.2832046431e-05	-6.7074687530e-05	-1.4456818245e-04	-8.2352877673e-05	-2.4686686357e-05
+2.9993385892e-05	+6.0893855438e-05	+4.4869246791e-05	+2.6942058690e-05	+1.3692490282e-05	+4.3363630580e-05
+2.7880957523e-05	-2.1635964562e-05	+2.4582452912e-05	+7.0218968319e-05	-5.5322661095e-05	-1.1972457120e-04
-2.4640365572e-05	-6.2067503631e-05	-5.8981937384e-05	+7.6743662650e-05	+9.5612822453e-05	+3.3730737247e-05
+4.3996319387e-07	-4.6517401476e-05	-1.1042490501e-04	-2.7475812910e-05	+3.1569258900e-05	-2.6463736471e-05
+5.4665204154e-05	+1.2660748751e-04	+4.0205524545e-05	-5.2961931846e-05	+2.9849974334e-05	+1.5390248035e-04
+1.3958212217e-05	-1.1321097570e-04	+1.6026312750e-05	+4.9045792769e-05	-5.9494881200e-05	-4.8721431593e-05
-7.7712959195e-06	+3.2130821225e-05	+7.3738868499e-05	+1.2274158710e-05	-6.5615322305e-05	-3.8840946093e-05
+3.9959166089e-05	-8.1251619228e-05	-1.9577821545e-04	-4.2984226901e-05	+5.6251208702e-05	+1.6144534843e-04
+1.6745895246e-04	-8.7692423322e-05	-5.7029036169e-05	+2.6352732205e-05	-4.3498191428e-05	+4.9781813994e-05
+2.0067931698e-05	-3.1709469412e-05	+9.9086374438e-06	-5.8908236917e-05	-6.6407780285e-05	-1.3354258967e-05
+3.9293598489e-05	+1.1077986264e-04	+7.5055432642e-05	+2.9621771185e-05	+2.6854772134e-05	-3.0197084612e-05
-1.4962568585e-04	-2.0504630677e-04	-2.8012428123e-05	+1.0204768615e-04	+8.4563563079e-05	+8.0296731300e-05
+1.0694368434e-05	-2.7554439359e-05	+1.0572513429e-05	+1.4878752528e-05	-7.2770063776e-05	-9.7923985094e-05
+5.1258364468e-05	+1.2182605234e-04	+3.3846404655e-05	-3.7227482520e-05	+4.4444678074e-05	+1.4430786066e-04
+3.4825446979e-05	-1.2088014505e-04	-1.4484374218e-04	-9.6310499735e-05	+3.9861773399e-05	+6.4980496852e-05
-1.0316859198e-04	-7.4788577360e-05	+7.2803904119e-05	+3.3612141263e-05	-4.5190137598e-05	+2.1700781229e-05
+7.1679582998e-05	-1.5637376464e-05	-4.8553866094e-05	+1.2144244488e-05	+5.3179124005e-05	+4.4803286765e-05
+1.1983633486e-05	-9.4772339906e-06	-1.6383008842e-05	-3.9818617544e-05	-4.9287118034e-05	-6.1805964338e-05
-5.3954852269e-05	+3.1002432000e-05	+5.3112696256e-05	+4.6536515319e-05	+6.7467905005e-05	+5.7612795750e-05
-8.9399509624e-06	-5.6087614795e-05	+1.0057213845e-04	+1.1820966690e-04	-3.1882044532e-05	-2.9787253209e-05
-3.9738637092e-05	-2.2706277982e-06	-1.0128057726e-05	-5.2689663911e-05	+3.0082401593e-05	+3.9754719970e-06
-1.0060329587e-04	-7.7064312064e-05	+4.4137965048e-05	+1.3792665587e-05	-6.4383151743e-05	-4.6576015423e-05
+1.7258497367e-06	+1.0488683247e-04	+4.8619734484e-05	-4.7430184604e-05	-6.5876891762e-05	-6.0003621001e-05
+6.8018987303e-05	+9.7540001569e-05	+8.6719315831e-05	+1.4394434376e-04	+8.8742231527e-05	-4.8111673300e-05
-8.9369714445e-05	-5.7612969513e-05	-2.3562949877e-05	+1.9726425647e-05	-4.6308763955e-05	-1.9556581904e-05
+8.9005908177e-05	-2.8346494604e-05	-1.2377449226e-04	-7.5830330988e-05	-4.0003935065e-05	-7.1132435202e-05
-8.9472154068e-05	+6.0272207812e-05	+8.9260643958e-05	-8.1059077857e-06	+1.3791591149e-05	+2.8289662876e-05
+2.9215188594e-05	+1.5119965021e-05	-2.0817861512e-05	-6.0754937305e-05	+3.3461232378e-05	+1.3536997952e-04
+5.6217408191e-05	+2.8431264946e-05	-4.2173741591e-05	-7.8395307227e-05	+2.0745838159e-05	+1.5028274713e-05
+1.1916858119e-05	+4.2569677132e-05	+2.3760309988e-05	-3.6767860712e-06	-4.8456900130e-05	-1.5767747958e-04
-1.3542052133e-04	+5.8784421856e-05	+1.2563246921e-04	+1.1220983530e-04	+2.4534574923e-05	-5.0326149495e-05
+5.6906848649e-06	-8.7942496415e-07	-4.8166933990e-05	-2.6425293194e-07	+1.2524134327e-04	+8.4895352051e-05
-7.3969690235e-05	-1.0311566282e-04	-6.7352828603e-05	-3.8202111748e-06	+3.5372769974e-06	-4.3655190448e-05
-3.8189110678e-05	-1.1721737874e-05	+5.7160873529e-05	+8.1291775672e-05	-3.8808357592e-06	-6.9901145858e-05
-5.1358890042e-05	-9.0426429053e-06	+6.2370436934e-05	+1.1442179587e-04	+5.2867499729e-06	-3.1387784596e-05
+4.3573896371e-05	+4.1288536578e-05	+3.4158742809e-05	-1.8296173390e-05	-2.5039175594e-05	-1.0964853692e-06
+2.6347734411e-05	+1.0848122979e-04	-1.1091485899e-05	-1.1147831802e-04	-5.6736772806e-05	-8.0128901629e-05
-4.4145234478e-05	-3.7606003938e-06	+5.0164730371e-05	+8.5083634246e-05	-5.7235994460e-05	-4.5080522774e-05
+3.5854487133e-06	-1.0007715080e-04	-6.6924237602e-05	+2.9807582323e-05	+4.4173840284e-05	+2.3953865787e-05
+9.1393989335e-05	+8.4001763901e-05	-4.3356001694e-05	-1.7141864993e-05	+4.5997103470e-05	+7.6271324167e-05
+2.9056775553e-05	-8.5556153766e-05	-1.2320572808e-04	-1.0128225432e-04	-8.0935417323e-06	+8.6786176391e-06
-1.3250853863e-05	+1.0428189613e-04	+1.0995830612e-04	-1.4844493540e-05	-7.0432073091e-05	-8.8764234297e-05
-2.4972772359e-05	+2.7202384427e-05	+8.1392590051e-06	+8.2347510103e-05	+1.3378183811e-04	+4.5654269815e-05
+2.9551304222e-06	-4.6878698019e-07	-5.7415007130e-05	-6.0845225924e-05	-2.9002172707e-05	+4.9832857107e-06
+7.2144981057e-05	+4.7461630185e-05	-5.0055837952e-05	-3.1056468179e-05	+3.6709653521e-05	+1.3278350588e-07
-8.2293540824e-05	-8.8783832273e-05	-8.3057780879e-06	+6.3928582757e-05	+6.4105862267e-05	+3.1770547294e-05
-2.2238343580e-05	-2.6758998113e-05	+8.1263635094e-05	+6.3382282865e-05	-6.1717463693e-05	-7.7226694122e-05
-3.3448319644e-05	+4.8148740784e-05	+5.4635904007e-05	-9.0178116450e-06	-1.6218193132e-05	-3.8915069089e-05
-4.4537679251e-05	-5.0605509653e-06	+1.4004041198e-05	+3.6170002444e-05	+5.9510057837e-05	-4.5191740386e-06
-1.0695472898e-04	-7.4868932909e-05	+3.4122788891e-05	+4.5328434850e-06	-4.4289726308e-05	+7.2172921337e-06
-1.8340832251e-05	-3.1753810853e-05	+3.2940666011e-05	+2.9701140373e-05	-5.3901137768e-06	+8.3640221463e-06
-4.5366741841e-08	-1.5519540663e-05	+3.3562799778e-05	+4.1003082803e-05	+5.7514578155e-05	+4.8072348545e-05
-6.8757729504e-05	-1.2837119258e-06	+8.8843545709e-05	-3.0583408835e-05	-2.8746430646e-05	+5.4476056151e-06
-4.7971346140e-05	-1.8298647346e-05	-7.3534041553e-06	-4.0918436499e-05	+2.3603361971e-05	+8.6167798741e-05
-1.1006572217e-05	-6.8944781967e-05	-1.6744383437e-05	+2.0221136939e-05	+3.4748808484e-05	+2.3650734494e-05
+4.0589600816e-05	+1.9193430170e-05	-2.9061142823e-05	+2.3795162481e-05	+3.3169632571e-06	-8.3044208886e-05
-1.5877568205e-05	+7.8121760382e-05	+5.1739464670e-05	+1.6904246883e-05	+3.6575271643e-06	-6.6683860406e-05
-7.4459056071e-05	+1.1493232253e-05	+2.9583581345e-05	-3.0133351982e-05	-3.3640155087e-05	+5.6937711915e-05
+8.8455078025e-05	+4.5830631721e-06	-6.2657586875e-05	-4.4222587448e-05	-4.9625196511e-05	-4.0067958026e-05
+1.5601143731e-05	-9.0928725795e-06	-4.3715868771e-05	-3.0795621846e-05	+2.8960543708e-05	+4.0799567977e-05
+7.9236882248e-06	+3.3234785362e-05	-2.9313758838e-06	-3.5648122247e-05	+2.3456454504e-05	+2.5723386948e-05
+1.2304394631e-06	+2.3161769779e-05	+5.7690545479e-05	+4.8827403055e-05	-1.5602296196e-05	-1.4629634053e-05
-4.8615677725e-06	+1.8832750915e-05	+2.8771045485e-05	-4.1066615278e-05	+5.9496691200e-06	+5.1646417261e-05
+2.1559000210e-06	-4.4587496371e-05	-8.9370119478e-05	-6.8248013863e-05	-5.8739822518e-07	+1.4275406076e-05
-2.0668011327e-05	-1.6240438366e-05	-5.7823495707e-06	-1.9161418340e-05	+9.2837895907e-06	+5.3693342365e-06
-7.3590858011e-05	-3.5247759450e-05	+6.0283351323e-05	+1.9829089649e-05	+1.7270486194e-05	+7.8721606848e-05
+7.4145003735e-05	+7.9280858736e-06	-2.1623477627e-05	+4.7169995098e-05	+5.3293489383e-05	+5.8188434939e-06
-1.9119359557e-06	-4.6208088388e-05	-6.7989014272e-05	-2.6369704817e-06	+4.6990449766e-05	+4.1615599889e-05
+3.5776487059e-05	-9.3482800887e-06	-6.9001462913e-05	-3.5711733516e-05	-6.6540396666e-06	+1.0724490141e-05
+4.5619246647e-05	+2.5407534733e-05	+2.4538135409e-05	-3.0065252232e-05	-1.2278097400e-04	-6.4731098278e-05
-1.0010473426e-05	-1.4148154313e-05	-5.0746532545e-06	-1.3566851754e-05	+5.5304969719e-05	+7.1169804489e-05
-1.0862406138e-05	-1.1131474224e-05	+3.8862945883e-05	+7.3654737837e-05	-1.0417486769e-05	-1.0939374968e-04
-5.0352254629e-05	+4.5617035336e-06	+2.0848122659e-05	+5.3051436306e-05	+3.3478200811e-05	-1.7083555376e-05
-3.4953219231e-05	+5.8058146309e-06	+1.1314399675e-05	-3.1286196738e-05	-4.9030886506e-06	+4.6462721891e-05
+4.2580581709e-05	+2.7220555784e-05	+3.1740859950e-05	-1.1300881575e-05	-6.8043815166e-05	-6.5033765604e-05
-1.1169932242e-05	+3.8510690049e-05	-1.4795388744e-05	-4.8662777452e-05	+3.2851075284e-06	+2.3966012241e-05
+3.8603446060e-05	+4.1719786614e-05	+3.3056062399e-05	+2.1597984512e-05	-1.6133039882e-05	-1.2883903341e-05
+1.7159735675e-05	+1.2572879305e-05	-3.9078883073e-07	+3.0446402474e-06	+1.5377707982e-05	-1.0245429596e-05
-6.9540207290e-05	-4.9353786166e-05	-1.5726862754e-05	-5.5171033408e-05	-4.5083235615e-05	+4.2423772705e-05
+7.1198475185e-05	-1.1467020784e-05	-2.5911337756e-05	+2.0024817684e-05	+3.0500894441e-06	+1.5839437564e-05
-6.9051902559e-06	-4.5252125733e-05	+8.3736532070e-06	+2.1676499848e-05	+2.1398188485e-05	+5.5019706341e-05
+4.9385362465e-05	+1.9643150672e-05	-1.6591829531e-05	-3.7997591520e-05	+2.8230259070e-06	+4.7633655302e-05
-1.2384588432e-05	-4.5264389241e-05	+2.6374718535e-05	+5.4377094634e-05	-1.1732678442e-06	-5.2863151378e-05
-3.5561277361e-05	-1.5243714303e-05	-1.5901157831e-05	+9.3161871239e-06	+1.1143662964e-05	-1.6079340234e-05
-2.6160142531e-05	-3.9970155630e-05	-2.4763048190e-05	+2.2600069978e-05	+2.3918842784e-05	+3.7580617213e-06
-3.0549961044e-05	-1.8991649494e-05	+6.8029518011e-05	+3.3318524101e-05	-3.3446321936e-05	+9.1995311040e-07
+1.2228213299e-05	+3.4063452067e-05	+2.8975641338e-05	-2.1593069201e-05	-1.7656700716e-05	+1.2364935172e-05
+1.7501459317e-05	-1.2570682163e-05	-4.1559625304e-06	+1.7870521593e-06	-2.6217110279e-05	-1.6501031864e-05
-1.5932309724e-05	-2.1626114569e-05	-3.0479713360e-05	-1.0731005736e-05	+3.0734824647e-05	+2.0871969832e-05
-3.8611681915e-06	+1.1158012434e-06	+6.5565110123e-05	+4.4327710408e-05	-5.7867934032e-05	-4.0412371402e-05
+1.1170137957e-05	+4.7103980152e-05	+1.4334337660e-05	-6.6279811690e-05	+1.6556154088e-05	+9.2329093441e-05
+3.9603976237e-05	-1.5275920634e-05	-3.1315101595e-05	+6.0294025688e-06	+1.1804964910e-05	-1.1060800852e-05
-3.1670320736e-06	-1.2879465421e-05	-5.2507404555e-05	-3.7818094236e-05	-2.1289279871e-05	-1.5309524026e-05
+4.3311706007e-05	+2.8285075464e-05	-1.0298478270e-05	-3.8372628166e-05	-4.4657711525e-05	+7.5161069222e-06
+4.2711666193e-06	-4.3912079543e-07	+9.4058704189e-06	+4.8555657077e-05	+9.2055716384e-05	+4.9314686896e-05
+3.0349019196e-05	+1.1485212576e-05	-4.7985019020e-05	-6.3812447304e-05	-5.8646817435e-05	-1.7813328781e-05
+3.3370326154e-05	+4.9655651744e-06	-2.1465160393e-05	-2.3435789001e-05	-1.7529533363e-05	+6.9798139099e-06
-5.7847114463e-05	-7.1578096882e-05	+5.4880930977e-06	-9.3766664396e-06	+3.1137837680e-05	+6.9228518757e-05
+7.5581928805e-06	+1.5949847876e-05	+4.0148296979e-06	+1.0158937025e-06	+7.9671146043e-05	+6.1939511733e-05
-2.5192349150e-05	-3.2731606762e-05	+9.5874970626e-06	+1.0120625313e-05	-7.6836131137e-06	-2.0170622569e-05
-2.5782362217e-05	+5.5634867450e-06	+8.9408359712e-06	-2.1507443341e-05	-6.7800979010e-06	-7.8923073472e-06
-2.2853043115e-05	+1.8584395770e-05	+3.3800094658e-05	+1.2773390249e-05	-1.5097673064e-05	-2.2192629125e-05
+2.3965141718e-05	+2.5614815670e-05	+6.5913958911e-06	+4.9154325394e-06	-1.4576944973e-05	-9.0930740157e-06
+3.2913758006e-06	-1.0220083167e-05	-1.5570814287e-05	+8.5911453340e-06	-1.7560815926e-06	-3.3740903942e-05
-5.7360565624e-06	+4.3845830231e-05	+3.3870847200e-05	-1.7939360162e-05	-3.7933307878e-05	-2.5979772960e-05
-5.9534929885e-06	-2.3533385582e-05	-1.2833772056e-05	+5.5368843118e-05	+3.9135861105e-05	-1.1435892913e-05
-1.9742828094e-05	-1.2013151938e-05	+5.6885946768e-06	-5.6763978463e-09	-1.1494865661e-05	-3.9209389100e-06
-2.7505943229e-05	-2.1306534078e-05	+3.9335155938e-05	+1.8835092302e-05	+8.5186356331e-06	+3.8240548074e-05
+2.9715541031e-05	+3.8527489164e-05	-7.0097152518e-06	-3.3070698392e-05	+6.5611467955e-06	-1.0934810627e-05
-3.2519876776e-05	-2.4785592709e-05	+7.7788873551e-06	+3.9268648103e-05	+2.9249126186e-05	+1.5668516971e-05
+5.4065038252e-06	-2.7987020869e-05	-5.0877206341e-05	-1.3649987458e-05	+1.8221392651e-05	-2.7084156890e-05
-7.1534912789e-05	-3.4500864594e-05	+2.2893404984e-05	+2.2384050319e-05	-1.1629850430e-05	-7.0267672407e-06
+2.0607375810e-05	+9.1772945956e-06	+1.2873688717e-05	+3.9965541306e-05	+3.7625707226e-05	+2.2102326819e-05
+2.0820743560e-06	-1.4660756176e-05	-1.8995752519e-05	+2.0197580387e-05	+1.7940469522e-05	-3.5500402832e-05
-3.0597755823e-06	+1.4258149241e-05	+6.1260298972e-06	+2.3002290061e-05	-2.6143949018e-05	-6.0748790268e-05
-2.4181636956e-05	+1.4394876489e-05	+2.4050014154e-05	-6.1454986145e-06	-1.6852686666e-05	+1.9455427528e-05
+1.3122221654e-05	-2.5477636452e-05	-2.6193938358e-05	-1.9523743001e-05	-1.6610360044e-05	+1.0746348738e-05
+3.0824371365e-05	+2.0124832547e-05	+2.5612258441e-05	+4.0200562755e-05	+2.9058779726e-05	+2.2773338566e-05
+7.3972878036e-06	-3.8485552383e-05	-4.5584872077e-05	-6.7368149709e-06	+1.7530322200e-07	-8.1588709989e-06
+2.5780092085e-06	+1.8043733116e-05	+2.9575136225e-05	-7.2858463010e-06	-3.0866068339e-05	-6.9946415958e-07
+2.6460599209e-06	+1.0620970766e-06	-3.7315093929e-06	+3.2238082348e-06	+4.6201714931e-06	-2.6586817300e-05
+1.9980484079e-06	+2.8647710737e-05	+4.3748585796e-06	-7.2875766472e-06	-2.2514848747e-05	-2.7592920864e-05
+8.6430746181e-06	+2.3181063512e-05	-9.0630776507e-06	-1.8807946085e-05	+6.7735670406e-06	+1.3356996759e-05
+9.5831712363e-06	+1.8741012981e-05	+1.1987861932e-05	-7.9093468254e-06	-1.2814678900e-05	-1.3343080989e-05
-3.6077087014e-05	-3.2058904780e-05	+1.4882008530e-05	+3.8061956340e-05	+2.4296135358e-05	-6.9685815572e-07
-1.1466405429e-05	-4.1113079883e-06	-1.1276602325e-05	-9.0546062503e-06	+9.2372843144e-06	-6.7932537223e-06
-2.3861786027e-06	+3.4577627198e-06	-5.6316238486e-06	+6.7399344462e-06	-9.2433044701e-06	-9.6540792493e-06
+1.9606289283e-05	+3.4346914858e-05	+3.5125194689e-05	+3.1997757478e-05	+1.0071750117e-05	-3.5422738014e-05
-4.3295934241e-05	-3.1936207345e-05	-3.0345428036e-05	+1.2102039782e-06	+3.9992799222e-05	+5.5303412699e-05
+1.8589886610e-05	-2.2749661955e-05	+2.7087065072e-06	-1.6345641984e-05	-4.3872736320e-05	+1.1594838427e-06
+1.5783481788e-05	+2.2976231333e-05	+1.9980495515e-05	-1.5093912691e-05	-7.9369684338e-06	-9.9938221927e-06
-3.1473165546e-05	-1.6204513450e-05	+5.1870243538e-06	+2.8342099622e-05	+3.5302113757e-05	+1.7438318199e-05
-9.4419201974e-06	-4.3729830207e-05	-3.3062758007e-05	-6.7328227274e-08	+6.7110586954e-07	+3.7072619314e-06
-1.7288673820e-06	-3.4878784557e-06	+1.6302944911e-05	+1.6976026270e-05	+2.9078064829e-05	+8.2815012384e-06
-2.5058113084e-05	+1.5633680237e-05	+2.8291664992e-05	+1.6018484925e-05	+1.4431170598e-05	-6.3611261044e-06
+3.1196798467e-06	+3.8741029356e-07	-3.2994208391e-05	-5.0253075014e-05	-3.8803538186e-05	+3.6987355803e-06
+2.6881545252e-05	+1.1931771789e-05	-1.7343649712e-05	-1.6863678241e-05	-1.4732944391e-06	-1.0388592201e-05
-1.1554639896e-05	-1.6137362108e-05	+2.2230368904e-06	+1.9770613916e-05	-2.0767637998e-06	-1.0565573199e-06
-1.2012472543e-06	+1.5827704219e-05	+3.8134435104e-05	+1.3810102601e-05	-6.1458795061e-06	-2.7404775005e-05
-1.3973452568e-05	+2.8198987326e-05	+5.9389060453e-06	-8.8963190307e-06	+1.9762323279e-05	+1.6814659477e-05
+9.4307987329e-06	+1.9529660968e-05	+1.8951931181e-05	+4.8427749434e-06	-2.2347155111e-05	-3.6312808336e-05
-2.5160552852e-05	-2.2200390369e-05	+5.9603845742e-07	+3.0798911420e-05	+8.0041362436e-06	-2.1170370811e-06
+1.1282822199e-06	-7.6664293909e-06	+1.5792844311e-05	+3.8701225391e-05	+3.9049169867e-05	+1.5652102973e-05
-1.8878204415e-06	-6.9078085652e-06	-3.9606512182e-05	-4.1094786321e-05	-1.0737297467e-05	-1.6318759642e-05
-1.7781486224e-05	-5.7787425235e-06	+3.7601298868e-06	+1.1188849233e-05	-1.8481616989e-05	-2.2521915987e-05
+1.1264324848e-05	+2.0923969948e-06	-1.0195652526e-05	+2.0806087229e-06	-9.6799013993e-06	-2.1362278299e-05
-4.9538678264e-06	+7.5017659934e-06	+1.6558451227e-05	+3.7675666494e-05	+3.7284616860e-05	-8.3503080234e-07
-2.2319548207e-05	-2.1600419569e-05	+5.4058983940e-06	+2.3259406660e-05	-2.2035748623e-06	+5.9186822486e-06
+1.2907259399e-05	-6.2064310906e-06	-1.2332385972e-05	-7.8508760707e-06	+1.5069492227e-05	+2.1548757700e-05
+8.6081640750e-06	-8.5942152700e-06	-1.2397589924e-05	+1.3202949025e-05	+8.3845742066e-06	+4.4982201872e-06
+2.8358285794e-05	+1.7659388124e-06	-1.7716346741e-05	-5.1275537851e-06	-8.7715788315e-06	-4.0192625663e-06
-4.1445707881e-06	-6.6308683070e-06	-7.8176747486e-06	-1.0174241978e-05	-2.7466984764e-06	+1.1726822647e-05
+2.2322820935e-05	-3.3258203717e-06	-1.9552930222e-05	-4.7786086115e-06	-3.1963260015e-06	-5.0702521595e-06
-1.2177377786e-05	-2.1213377380e-06	+1.1697153775e-05	-1.0176268798e-05	-1.4682132702e-05	-3.2361286117e-06
+1.3072548602e-05	+2.9715394748e-05	+1.6301140437e-05	+1.2863448063e-05	+3.6053534649e-07	-2.4232850687e-05
-3.5274472370e-05	-4.7111081235e-05	-6.1189913595e-06	+2.6774053236e-05	+6.9761987034e-07	-1.1076121362e-05
-1.2123463720e-05	+1.6939068020e-05	+4.8765270380e-05	+2.2182763092e-06	-3.5499204935e-05	-1.3028446709e-06
+1.3449983806e-05	-3.7092432743e-07	+9.7126121849e-06	+1.9022054578e-05	-1.6440335904e-06	-1.9352127216e-05
-2.3663359820e-05	-1.3056661357e-05	+1.8395953162e-05	+3.1092824824e-05	+2.6572427079e-05	-1.6310693914e-06
-3.5119434731e-05	-2.8905253771e-05	-4.5045634704e-07	+4.3941136030e-05	+5.3291888873e-05	+3.0102436266e-05
+2.7720252531e-05	+6.2742708606e-06	-1.3922750651e-05	-7.3346463160e-06	-6.8217813821e-06	-6.7305492842e-06
-1.9052922378e-05	-2.2324663244e-05	+7.1584115999e-07	+5.7891920995e-06	-6.1542763024e-06	-1.8725253000e-05
-2.1008496170e-05	-8.2012167805e-06	-8.6389613404e-06	-1.4831822080e-05	-2.7048958403e-05	-3.5310558174e-05
+3.5702633355e-06	+1.4267510230e-05	-1.0861592362e-05	-1.5669866380e-06	+3.6076019241e-06	+1.2867407151e-05
+2.9783966148e-05	+1.9943995818e-05	-1.3846554287e-07	+2.1696050972e-06	+1.5507659575e-05	-1.2547773095e-05
-2.6424917668e-05	+2.0334226804e-05	+3.7538971334e-05	+1.6541030020e-05	+8.3394891053e-06	-4.3446230013e-06
-2.1510993862e-06	+4.2842060788e-06	-1.2571479831e-05	-2.6672276058e-06	+1.9107319192e-05	+1.2338478748e-05
-2.7975906329e-06	-1.4258616158e-05	-2.1390315037e-05	-1.9391856747e-05	-9.7739275438e-06	+6.8451047815e-06
+9.5862474878e-06	-3.6111273717e-06	-5.5432966770e-06	-4.6953351285e-06	-7.5429972941e-06	-1.1856212920e-05
+1.2519956887e-06	+1.9151619197e-05	+3.1441763980e-06	-1.0816504305e-05	+9.7536499972e-07	+6.7260758383e-06
+5.2941653027e-06	+1.3773446422e-05	+1.3648368127e-05	+1.6784045601e-06	-7.1767599837e-06	-1.1720849901e-05
+7.1664347577e-06	+2.1694900018e-05	-4.2191529491e-06	-1.7221494866e-05	-1.8436515967e-06	-2.9235828884e-06
-8.7527748816e-06	-1.3003353705e-05	-2.6211999345e-05	-1.9190486572e-05	+5.0058593174e-06	+8.9672661726e-06
+4.2588121217e-07	+2.1072333740e-05	+3.9156342602e-05	+1.1332370414e-05	-1.0923742299e-05	-1.2814990534e-05
-9.6163356490e-06	+5.7190749421e-06	-3.0700895170e-06	-5.0181587671e-06	+2.8540081150e-05	+1.8282501154e-05
+2.9706782794e-06	+8.1894938908e-06	-1.9984307619e-05	-3.0752458318e-05	-2.0571750731e-05	-1.0447493466e-05
+4.1272024931e-06	+2.2833765872e-05	+1.9987303245e-05	-1.4755597517e-05	-1.6027979447e-05	-1.6892795660e-05
-2.9409732457e-05	-2.1568125900e-06	+1.9525254414e-05	+2.2424879930e-05	+1.6178961191e-05	+7.8229413729e-06
+2.5441595852e-05	+3.7004982078e-05	+1.4606657183e-05	-1.0899657257e-05	-1.1637700320e-05	-1.2558887489e-05
-1.8803555574e-05	-1.1964192397e-05	-8.4403597970e-06	-3.2796615436e-06	-7.1358908015e-06	-1.1210701780e-05
-5.9339522285e-06	-1.4796937697e-05	-2.7627729588e-06	+1.3147060834e-05	-1.2431342097e-06	-1.0484754830e-05
+7.7363941547e-06	+1.9092926342e-05	+3.3747794195e-06	-1.2470851795e-06	+3.2991032917e-06	+5.8823149389e-06
+6.7408924073e-06	+9.3114991176e-06	+1.7656422177e-05	+1.1612795113e-05	-1.9357423811e-06	-2.1829017674e-05
-2.7001255614e-05	-1.3363232835e-05	+7.6649802288e-07	+1.7555920817e-05	+2.3020966567e-06	+2.5689155149e-06
+1.9966688190e-05	-5.6488783353e-06	-1.3288839227e-05	-1.1296906657e-06	+1.5718199915e-06	-1.7445560363e-06
-1.5091948232e-05	-1.6970156375e-05	-1.0721005359e-05	-5.1983214047e-06	+2.5582260334e-06	+1.9590170463e-05
+3.3224139298e-05	+7.7441922025e-06	-3.0625369975e-05	-2.1824798086e-05	+1.1211559373e-05	+2.2997368816e-05
+1.4679672347e-05	-8.5215609022e-06	-6.9761831136e-06	+9.2239169673e-06	+5.2531231360e-06	+6.6515943482e-06
+2.1515528997e-06	-5.4155392750e-06	-1.6069789376e-05	-2.1289356735e-05	+1.1956558460e-06	+1.2062287385e-05
+1.7098067319e-05	+1.8810216247e-05	+3.4567008298e-06	-9.2394308731e-06	-2.0617175505e-05	-1.0859907422e-06
+1.2920322135e-05	-3.1120919221e-06	+9.8034723551e-06	+1.6529071112e-06	-1.8291744967e-05	-7.7416057997e-06
-8.5281170501e-06	-7.0738994618e-06	+6.3725299991e-06	+1.3550959190e-05	+5.8163843377e-06	+3.5648625874e-06
+3.4236240350e-06	-1.1270978861e-05	-1.1663628544e-05	+5.6728760301e-06	+1.6728791416e-05	+1.0649795331e-05
+1.0256497975e-05	+1.1403905797e-06	-3.3816742447e-05	-3.6322191375e-05	+2.9371999978e-06	+1.6424209661e-05
-3.2994382748e-06	+5.3085041440e-06	+2.1900001480e-05	+1.7888433995e-06	-2.0409230825e-05	-2.0674095085e-05
-1.3986714350e-06	+1.8413646632e-05	+6.5189229983e-06	-7.7291749229e-06	-1.9072864182e-06	-1.4684505701e-07
+1.7311727007e-05	+4.6520365272e-06	-3.0833102371e-05	+4.7391250203e-06	+3.2860615780e-05	+7.3844925308e-06
-7.8270694163e-07	+9.6225911516e-06	+8.0187505831e-06	-7.6161373403e-06	-1.2520868710e-05	-1.5694714750e-05
-1.3987351988e-05	+1.1952193472e-05	+1.5094282757e-05	+1.6644832981e-06	-5.4263334383e-07	-9.2391915067e-06
-1.3412527749e-05	-6.0837921756e-06	+8.0089942171e-06	+2.5009917862e-06	-2.1677182027e-06	+1.8187198523e-05
-1.1439688373e-06	-2.7573908110e-05	-2.4120155223e-05	-1.9985814948e-05	-5.2058294963e-06	-1.4037860205e-06
+1.7050445343e-05	+2.8203315826e-05	+3.7521436342e-06	+1.7034046704e-05	+1.8595388244e-05	-1.0784576571e-05
-7.5663815516e-06	+3.1606543486e-06	-1.9160517014e-07	-8.8127965358e-06	-1.9598138299e-07	+2.1048332149e-05
+1.1948077553e-05	-3.3152036561e-06	+2.3521096388e-06	+1.3834788745e-05	-6.8865630826e-08	-3.4938076334e-05
-9.3350938729e-06	+3.5616623776e-05	+2.6073662126e-05	+6.1581873473e-06	-1.1096904096e-05	-1.7259001200e-05
-1.3158269181e-05	-1.7488311300e-05	-5.6538099682e-06	+2.7153268943e-05	+2.6170081723e-05	-5.7725872907e-06
-1.5928469269e-05	-9.9454532290e-06	-3.1254217044e-06	-5.1615342554e-06	+2.1095856807e-06	+5.5597906150e-06
-1.7188903251e-05	-2.9210676447e-05	-1.5659110953e-05	+2.3209846421e-06	-4.4113586518e-06	-2.2243243049e-06
+1.8107031878e-05	+1.0190898109e-05	-2.9215826083e-05	-4.0273435579e-05	-7.1127025086e-07	+1.8461062016e-05
+1.2671908493e-05	+1.2680610099e-05	+2.2153069640e-05	+3.5255767310e-05	+2.3227010799e-05	-3.9549824252e-06
-2.0139703054e-05	-2.3371895108e-05	-1.2056386873e-05	+1.7087998515e-05	+2.7467395992e-05	+6.6368785722e-06
-3.7711952667e-06	-4.7079557653e-06	+7.6372232870e-07	+4.7500810557e-06	-5.2853398349e-06	-6.4329608554e-06
-7.6878451891e-06	-7.0357873262e-06	+3.0166339240e-07	+1.1399752613e-06	+9.5795026588e-06	+1.2800611677e-05
-3.3933546874e-07	-5.6272390633e-06	+2.6089795939e-06	+7.4267613193e-06	+6.8770899003e-06	+2.7710483606e-06
-8.9264552956e-06	-1.4065104211e-05	-1.2430609960e-05	-8.9233587608e-06	+9.1952378493e-08	+8.1648841398e-06
+1.0093812368e-05	-1.2959975432e-05	-2.9458335761e-05	-8.5413850632e-06	+1.2414228932e-05	+2.2764596503e-05
+2.4884327689e-05	+1.5700937973e-05	-9.8585106619e-06	-2.5862600072e-05	-1.3307499301e-05	-2.2813686060e-05
-2.4247295259e-05	+7.2698961503e-06	+2.3168244505e-05	+2.3075084861e-05	+6.7303078210e-06	+8.6306541049e-07
+1.1421944224e-05	+4.5461777282e-06	-2.3921441731e-06	+6.2860573371e-08	+7.4218786142e-06	+1.4054248747e-05
+3.2979719676e-06	-7.8451618112e-06	-8.3726700502e-06	-1.2132757817e-05	-1.3432027462e-05	-7.5763634121e-06
+5.6938848498e-06	+1.6568357037e-05	+6.1238972924e-06	-1.4572753099e-05	-2.0775857457e-05	+1.5652170060e-07
+2.4325420098e-05	+1.2075931746e-05	-1.4702243426e-05	-1.2011199831e-05	+1.9601206169e-06	+4.7583909952e-06
-6.4598694258e-06	-1.0075589628e-05	+1.1200687271e-05	+1.1202259014e-05	-1.5426800621e-06	+4.9543770716e-07
-5.1583175905e-06	-2.3539859153e-07	+4.9370447244e-06	-1.9337056215e-05	-2.7995602342e-05	-2.2556995962e-06
+2.6966072544e-05	+3.2856534863e-05	+7.7122502974e-06	+1.5457841449e-08	-3.3473495771e-06	-1.7914263951e-05
-5.7121898901e-06	-4.1804787120e-06	-3.2911104720e-06	+1.3127307044e-05	+8.6208060338e-06	+1.3974910744e-05
+2.4134514660e-05	+1.1303800342e-05	-5.5026759172e-06	-2.3622493525e-05	-2.7385436351e-05	-3.9340833738e-06
+5.7791290888e-06	-2.0940760126e-06	+5.0759410659e-06	+8.6424839765e-06	+2.3892234875e-06	-8.0500209521e-07
-1.1338291258e-05	-9.7396688771e-06	+8.8008147046e-06	+1.7515652820e-06	-2.0376796582e-05	-1.3092016047e-05
+1.2849003274e-05	+2.6334221405e-05	+1.1469427374e-05	-1.7844957965e-05	-2.0954886101e-05	-1.2448613928e-05
-1.0690131862e-05	+4.6602171064e-06	+8.9517578662e-06	-4.7829903764e-07	-4.5034509403e-06	-2.9503898542e-06
+6.5347726195e-06	+7.0367926748e-06	-3.5986809715e-06	+3.2789700375e-06	+1.7267872133e-05	+5.4815645487e-06
-3.9076834334e-06	+6.5897073120e-06	+9.7807404847e-06	-1.3373654475e-06	-1.2150157768e-05	-6.4928430849e-06
+2.3815432517e-06	+3.1669706369e-06	+9.0941025920e-06	+1.3831714080e-05	+1.1163109424e-05	+5.7441489529e-06
+9.4571387557e-06	+9.0752282138e-06	-9.8881808727e-06	-9.6164913754e-06	-1.5101048743e-06	-1.5108614267e-05
-1.8078527903e-05	+7.8527121702e-06	+1.3229090067e-05	-2.3186623472e-07	+9.0179202837e-06	-5.0539624911e-06
-2.2698655616e-05	-1.1235759902e-05	-1.7207384428e-05	-2.1401057879e-05	-1.9961678856e-06	+1.3851017263e-05
+1.1053323440e-05	+3.1605634313e-06	-1.4456919054e-06	-1.8610172105e-05	-2.3445559019e-05	-1.7821670359e-07
+1.3674269438e-05	+1.8732604838e-05	+1.7384578073e-05	-1.1986573648e-06	-1.0323791463e-05	+9.4176598728e-07
+1.5937030927e-05	+1.3708505174e-05	+2.3478726410e-06	+8.3678361926e-06	+7.1463708451e-06	-9.0394617433e-06
-4.0811559357e-06	+9.0375388600e-06	+5.6111990424e-06	-9.2566368351e-06	-1.2647416442e-05	-3.7234920016e-07
+3.7737658986e-06	+8.7952853963e-06	+1.1010001948e-05	+5.0716605090e-06	+8.1143875359e-06	+6.7319669175e-07
-1.0203869672e-05	-1.0608570431e-05	-1.9830999130e-05	-2.0093506713e-05	-7.6048813224e-06	+2.3152069475e-06
+1.7359596099e-05	+1.9638505064e-05	-2.3512506021e-06	-5.0254873148e-06	+1.0990359126e-05	+1.9236836538e-06
-5.3542399392e-06	-6.3007844841e-06	-7.3223902732e-06	+1.3458073874e-05	+1.1822369015e-05	-1.0860497322e-05
-2.5891823607e-05	-2.5522624130e-05	+9.6758108035e-06	+2.0469389263e-05	-8.4285233063e-06	-1.3542616270e-05
-6.9835027149e-06	-3.3991592135e-06	+5.9768708168e-06	+1.1134121446e-05	+9.6139692506e-06	+4.8309680094e-06
+7.3752780714e-06	+4.4085844350e-06	-2.0249924904e-06	+5.8042604229e-06	+6.9011384886e-06	+6.2146458222e-07
-1.9229397500e-06	-4.6076959281e-07	-3.2826271868e-06	-1.2472717721e-05	-3.2432559758e-06	+1.3025236856e-06
-5.3509083566e-06	+3.4676537431e-06	+1.0856640784e-06	-3.6205129325e-06	+1.8904936659e-06	-1.9181829234e-07
+3.6306208959e-06	+1.3610774490e-05	+1.7985173687e-05	+3.2709372090e-06	-7.0216704984e-06	-2.4224422378e-06
-1.3907839427e-05	-1.4268038332e-05	+3.8153090160e-06	+1.6041524461e-05	+1.8102285107e-05	+4.2028974181e-06
-2.1009579510e-05	-2.8286089398e-05	-1.4545480356e-05	-9.6539664258e-06	-9.2979424740e-06	+1.9999429007e-06
+2.1254394996e-05	+1.7833449987e-05	-3.4195520591e-06	+9.6501391508e-07	+6.3878242099e-06	-6.4885112606e-06
-4.5911470592e-06	+1.0542782596e-05	+1.8560195622e-05	+1.3105779770e-05	-3.7667588118e-06	-1.3331288256e-05
-1.0753260213e-05	-3.4194283928e-06	+7.4262581432e-06	+1.1938107521e-05	+7.9719558272e-06	+8.9646760385e-06
+4.7387625790e-06	-8.5160891333e-06	-1.4725585276e-05	-1.7798488988e-05	-1.1202381317e-05	-7.3027346122e-07
+4.8951379064e-06	+1.1221399239e-05	+7.0581821955e-06	+8.2308349516e-06	+6.7602483226e-06	-1.2351675847e-05
-8.1265204045e-06	+1.2615803728e-05	+7.8515250967e-06	-6.1012760657e-06	-8.6009846994e-06	-5.9970155918e-06
-2.7338797927e-06	+9.7595087532e-07	+9.9943279218e-06	+1.3008633858e-05	+2.8128602708e-06	-6.8773769737e-06
-1.8137774022e-05	-3.3683994927e-05	-2.7294771556e-05	+6.0608466535e-06	+2.2281506612e-05	+2.1250475190e-06
-6.6010984333e-06	+1.1724273980e-05	+4.3778207233e-06	-1.6901435718e-05	-9.5237078347e-06	+6.4577404761e-06
+1.4691360648e-05	+1.3180749741e-05	+4.8222942022e-06	-1.1447193309e-06	+3.6608027362e-06	+1.7242147810e-05
+1.3227845980e-05	-5.5623407972e-06	-1.7624298271e-05	-1.6767347765e-05	+3.7351713535e-06	+1.3519920982e-05
+7.4055035544e-06	+8.4410917785e-06	+3.3125352247e-06	-5.3437645095e-06	-9.5860227691e-06	+8.6993646022e-08
+6.6587225685e-06	+2.4001794960e-06	+8.8796306860e-06	-2.0107204410e-06	-4.4354249615e-06	+5.0191766748e-06
-9.4011849186e-06	-8.2160372329e-06	-1.2847366768e-06	+1.0269094226e-06	+2.0151961520e-06	-6.3468619818e-06
-3.5016389372e-06	-8.7021670870e-07	+7.4888307871e-06	+1.6154125696e-05	-3.1179394604e-06	-2.2749019177e-05
-2.2308325036e-05	-9.0208119593e-06	+1.2705253794e-05	+1.7355615061e-05	+1.1896225924e-06	-1.5001048449e-05
-2.2676633608e-05	-2.5105592833e-07	+2.8679371153e-05	+1.8933022367e-05	-9.6686290051e-07	-9.6217221844e-07
+3.2536360746e-06	+4.5393799748e-06	+6.3660393994e-06	+2.0737362561e-06	+1.5320971272e-06	+5.7948870277e-06
-3.3291964581e-06	-8.6438807490e-06	-3.1441830192e-06	-3.5466238796e-06	-2.2715634582e-06	+7.2023854997e-07
+3.8221058473e-06	-2.2794643406e-07	-5.9069589143e-06	+9.2797484988e-07	+3.9563139187e-07	+3.9281761749e-06
+1.6216804951e-05	+5.0107966308e-06	-1.3593943198e-05	-1.6900060225e-05	-1.3510378177e-05	-9.3618740456e-06
-4.4012525702e-06	+4.2488456230e-06	+8.9638414477e-06	-1.6052310122e-06	-8.5489533405e-06	-1.9153866111e-06
+3.7387267107e-06	+6.0877772945e-06	+1.7670729439e-06	-1.1003594875e-05	-1.3222838821e-05	-6.2676800578e-07
+6.8310563044e-06	+1.0356326663e-06	-7.8135258956e-06	+1.4717631391e-06	+1.6970183066e-05	+1.8389706732e-05
+1.6613568229e-05	+1.0213543057e-05	+2.4615032024e-06	+3.8111836352e-06	-2.8559164024e-06	-1.9983373134e-05
-1.6896714394e-05	-6.2358747296e-06	+2.0363844692e-06	+2.1836951856e-05	+2.1432203413e-05	+1.1809522198e-05
+6.8153194998e-06	-7.9464807437e-06	-4.3085834830e-06	+3.2587322795e-07	-1.6294999469e-05	-1.6327655007e-05
+3.9784943460e-06	+7.8766934375e-06	+1.2119618485e-06	+3.8756436385e-06	+3.6950449743e-06	+2.2032349807e-06
-3.6784469006e-06	-1.7644918985e-05	-1.5820850123e-05	-3.8910727620e-06	-2.7234765406e-06	-9.2730169500e-06
-8.8407815995e-06	-9.6698360933e-07	-1.4724373554e-06	+2.5610525919e-06	+1.2351878538e-05	+8.4658488218e-06
+3.2888280012e-06	+2.0273433458e-06	+3.3897769039e-06	+4.2548092322e-06	-3.0652635205e-07	+1.1532040051e-07
+1.2596342583e-06	+6.4343193148e-06	+8.3583593804e-06	-5.1139323778e-06	-1.0987897317e-05	-7.1605214131e-06
+3.1188442950e-07	+1.7447124749e-06	-8.8802354662e-06	-6.4162763589e-06	+5.7110625835e-06	+1.6960005865e-05
+1.5398769464e-05	-4.0708407787e-06	-5.8462921314e-06	+2.1776402724e-06	+1.1506004803e-06	+6.5983499011e-06
+6.2860393251e-06	-5.6151738705e-06	-1.0154790525e-05	-4.0274361506e-06	-4.4193514565e-06	-1.1128969368e-05
+2.8410521368e-06	+1.8515206138e-05	+1.0975388371e-05	-5.0609308054e-07	-6.2070624114e-06	-6.1302802288e-06
-9.4899300192e-06	-1.7338037282e-05	-1.0577860606e-05	+1.1940280961e-05	+2.0173877049e-05	+5.9511341029e-06
+5.3191969575e-06	+5.0253173085e-06	-1.1119563111e-05	-5.6006462891e-06	+4.1142668323e-06	+4.1805787134e-06
+8.6244219730e-06	+2.9052532563e-08	-7.0688780943e-06	-8.1569501037e-06	-1.8773447178e-05	-1.2872026655e-05
-1.7917143847e-06	-2.1933301455e-06	+1.3500551634e-05	+2.1047972312e-05	+3.0259246679e-06	-4.6264401583e-06
-1.0311796026e-06	-5.5625413471e-06	-7.7723472323e-06	-1.7615500573e-06	+6.9512302707e-07	+1.0399387713e-05
+1.7525623303e-05	-7.5224680168e-07	-1.1114060542e-05	-4.7228434177e-06	-5.3473760954e-06	-1.3764743014e-06
+2.0306006043e-06	-2.3660573707e-06	+2.9995064923e-07	-5.5785244650e-07	-4.9420278074e-06	+3.4996266438e-06
+1.0392460079e-05	+7.5028935578e-06	+3.6518244566e-06	+3.6867101250e-06	+1.1132924927e-05	+1.0377972650e-05
-2.3034700230e-06	-1.0497136305e-05	-7.1931104128e-06	+2.0518294396e-06	-1.0786818578e-06	-7.7175135018e-06
+2.0134097136e-06	+4.2135140594e-06	-6.8370919850e-06	-4.5555001839e-06	+4.7669768120e-07	-3.3359765685e-06
-3.2943778102e-06	+2.2328493749e-06	+6.0930338554e-06	+3.9678006122e-06	+5.7780300072e-07	-6.0904692724e-06
-8.7936162881e-06	-1.7990194874e-06	-1.0037505588e-06	-1.6956279820e-06	-1.0853018419e-07	+4.4662858808e-06
+1.5258349172e-05	+1.0772559628e-05	-2.4445150066e-06	-1.0753564513e-05	-2.2363380017e-05	-1.5355148288e-05
-4.1717016703e-06	-1.0929375442e-05	+2.4042051125e-06	+2.2432321234e-05	+1.9616819014e-05	+3.8413423790e-06
-3.4632517786e-06	+3.3001553250e-06	+3.3074759700e-06	+3.0485888657e-06	+1.5089063389e-06	-2.1850512160e-06
+3.5955527193e-06	+7.1988106654e-06	+4.7901890604e-06	-2.7509676047e-06	-5.7878124937e-06	-2.1756557311e-06
-2.7400400556e-06	-2.4833298533e-06	-6.7430048905e-06	-1.6532987627e-05	-1.4681528138e-05	+2.1312459463e-06
+1.7414699821e-05	+7.4445529030e-06	-8.1035359751e-06	-2.5985718713e-06	+4.9999015754e-06	+8.0998130358e-06
+2.1682356205e-06	-8.8013207411e-06	-6.1890899285e-06	-1.5744757725e-07	-2.1336059721e-06	-5.2771354596e-06
-5.4304332277e-07	+8.1874575887e-06	+8.1220715639e-06	+4.7827032426e-06	+1.0050178558e-05	+1.0798110375e-05
+6.3302413818e-06	+3.4117933122e-06	-9.6656178202e-08	+8.0120153300e-06	+7.4478559243e-06	-7.3143182755e-06
-9.6708065907e-06	-9.1476764025e-06	-8.6180389810e-06	-4.9182489770e-06	+2.1894677297e-06	+3.6271158611e-06
-2.5043925089e-06	-1.8824047049e-06	-5.3320846615e-06	-1.2157673721e-06	+9.6162828474e-06	+5.5606374967e-06
-7.7193615850e-06	-1.7662239959e-05	-8.6386540187e-06	+4.3313432589e-06	+5.4453594264e-06	-4.8462133297e-06
-1.3683640560e-05	-6.6855745392e-06	+2.0074136094e-06	+1.5484302780e-05	+1.5081855541e-05	-1.2535004006e-05
-2.2561786489e-05	-6.8442321512e-06	+9.0412177197e-06	+1.3281793561e-05	+1.3464866413e-05	+9.3645521687e-06
-7.9395408680e-06	-1.3495601788e-05	-1.1998815609e-06	+4.1330378866e-06	+5.8590293869e-06	+1.3906443458e-05
+1.4268552261e-05	+1.0116275435e-05	+1.0281150231e-05	+8.1367958322e-06	+8.9372529907e-07	-4.4494725341e-06
-2.7913199085e-06	-8.1685584429e-06	-1.3487020829e-05	+7.4589647148e-08	+9.4296583833e-06	+1.2892020023e-06
-4.5540858033e-06	-8.4896204091e-06	-1.4583866395e-05	-1.0672738466e-05	-1.8243063204e-06	-5.4386052204e-07
-3.2818291962e-06	-8.8107248453e-06	-1.3269671539e-05	+1.7688136576e-06	+1.8921568376e-05	+9.0203773553e-06
-8.3844883038e-07	+2.5120519015e-06	-2.9130771706e-07	-5.7858299201e-06	-5.4156173495e-06	+2.8466555761e-06
+7.3470282688e-06	+6.8874563771e-06	+7.6847394375e-06	+1.8523266688e-06	-7.7903650887e-06	-1.3432381736e-05
-4.1009510305e-07	+7.5741517908e-06	-1.0072116861e-05	-7.3620074677e-06	+1.0624391517e-05	+1.1264535968e-05
+6.4847624976e-06	+2.7515055328e-06	+2.5379629046e-06	-1.0142392631e-06	-9.8303396196e-06	-3.9434902271e-06
+4.7124107633e-06	-3.6767840253e-06	-5.5637485042e-06	+1.2482035610e-05	+1.8944491702e-05	-3.2258973709e-07
-1.3481112158e-05	-7.8433342633e-06	-1.4780388410e-06	+7.2621262561e-07	+1.8740399980e-06	+6.3680381229e-06
+9.9122046623e-06	+4.3590196753e-06	+2.4527919321e-08	-5.8348992717e-06	-9.6135502440e-06	+1.8829384560e-06
+2.0862589972e-06	-5.6727551908e-06	-3.3549156139e-06	-3.6065483999e-06	-1.0572680680e-06	-2.9052101287e-06
-8.2176077887e-06	-6.2927406807e-06	-4.6028771730e-07	+3.1885115512e-06	+4.8058066716e-07	+1.3649673458e-05
+1.8840010277e-05	+1.0629589508e-06	-8.3225545828e-06	-1.5154644016e-05	-8.6876627877e-06	+3.3406413389e-06
+3.9999031057e-06	+7.4607752360e-06	-1.3050251974e-06	-1.4472155227e-05	-1.4504427037e-05	-1.0651295802e-05
+3.9136195437e-06	+2.1649044078e-05	+2.2025571383e-05	+5.2364147924e-06	-5.0774959675e-06	+4.2764649798e-06
+4.8690820081e-06	-2.6042512311e-06	+5.0720592699e-06	+1.4491687011e-05	+1.1677702394e-05	-3.3961855604e-06
-1.6605437152e-05	-1.5506286352e-05	-1.3463450906e-05	-1.1469369820e-05	+1.3892850734e-06	+9.3429893595e-06
+2.7895759224e-06	-3.8104440894e-06	+6.6598810264e-07	+3.3135961281e-06	-8.6188827114e-06	-1.2779330301e-05
+1.7090224592e-07	+8.1158874026e-06	+1.3449420609e-06	-7.1111440026e-06	-3.7651752081e-06	+9.2385549908e-06
+1.2948707605e-05	+3.3853030175e-06	-1.0775014527e-06	-1.3017665771e-06	+1.8260912029e-06	+6.9447013799e-06
+5.1246316331e-06	-2.8339429122e-06	-8.7636721962e-06	-1.6536422374e-06	-2.3633088701e-07	-6.0698871219e-06
+2.7485159441e-06	+8.9770288757e-06	+9.2661963838e-06	+1.1769522047e-05	-1.8640208973e-07	-1.5796141785e-05
-1.5856341725e-05	-6.5734095978e-06	+1.6777900452e-06	+6.1774497166e-06	+6.9748305728e-06	+5.1354158959e-06
+4.5513552001e-06	+2.6501105058e-06	-2.2213603179e-06	-3.7899589005e-06	-4.0912872396e-06	-4.5502099889e-06
+1.0772303786e-06	+6.9003524576e-06	+5.0786670799e-06	-2.9531818148e-06	-1.2511023133e-05	-6.4191604898e-06
+4.8257611380e-06	+2.3457471105e-07	+4.3133812497e-06	+1.3494956503e-05	+2.1154815883e-06	-8.0067237728e-06
-5.1311387377e-06	-7.8500946757e-06	-1.1300993872e-05	-9.3842052128e-06	-1.2700467030e-06	+1.2694710177e-05
+1.2029716059e-05	+2.3252437814e-06	-6.5757454867e-07	+1.0362570006e-06	+4.6026386909e-06	+1.3890470778e-06
-4.0924158898e-06	-5.8279856038e-06	-4.0196463985e-06	+1.9709301660e-07	+3.8280986285e-06	+1.0248255965e-05
+1.4775354077e-05	+1.1541018067e-05	-7.4065381093e-07	-9.9238643419e-06	-7.8536965360e-06	-1.0769387629e-05
-2.0564996085e-05	-1.9718190128e-05	-5.2244496893e-06	+4.9044915167e-06	+5.1775104464e-06	+1.0126617555e-05
+1.3164674343e-05	+6.7731855266e-07	-1.0976868168e-05	-8.5160179509e-06	+1.0111637373e-06	+4.7025049128e-06
+8.2031320730e-06	+2.2073008271e-05	+2.0353982191e-05	+2.0250442727e-06	-1.2594851610e-05	-1.3315170053e-05
-7.7083545864e-07	+2.5491612428e-06	+6.2482335841e-06	+1.2363005354e-05	+5.9083814537e-06	-9.0847563095e-06
-1.7618914296e-05	-4.1887885709e-06	+1.3173907291e-06	-5.6335307324e-06	+1.2055186166e-06	+7.5118932329e-06
+2.6561325357e-07	-9.4635989414e-06	-2.7041376517e-06	+4.4669439522e-06	+5.4434131847e-07	+4.1122059171e-06
+5.4059809144e-06	-5.1218192184e-06	-1.2570451959e-05	-1.6133937657e-06	+1.7336737443e-05	+1.6197758585e-05
-1.2840974984e-06	-1.3341191501e-05	-1.1763653036e-05	-5.9920552233e-07	+1.2929306773e-06	-5.1127486071e-06
+7.4325949899e-07	+1.4045825806e-05	+1.0137370085e-05	-5.8236675818e-06	-1.1293615751e-05	-7.3529677425e-06
+3.1224141947e-06	+8.6805370306e-06	+3.2156802785e-07	-3.6712851597e-06	-6.8515473390e-07	+3.3975727191e-06
+5.0535137446e-06	-6.9433351997e-07	-4.7079155042e-06	-9.9300804389e-06	-1.4752819706e-05	-7.9803644893e-06
+3.0815384833e-06	+1.3289656121e-05	+1.4661416065e-05	+5.1866339022e-06	-4.0872832311e-06	-5.5851251001e-06
+1.3978947399e-06	+2.3002409185e-06	-1.2623320604e-06	+1.5352197343e-06	+3.7949725117e-06	+3.9650642817e-06
+3.2167409430e-06	+1.2753506596e-06	+1.3674989117e-07	-2.5199629400e-06	-4.9587612877e-06	-9.0336032952e-06
-1.1584709274e-05	-3.4336533857e-06	+4.2109922519e-06	+7.1333671425e-06	+1.0931639938e-05	+5.8087493477e-06
-4.0794997754e-06	-4.8636982854e-06	-4.2894170132e-06	-4.1774023786e-06	+1.7267767360e-06	+9.4428680239e-06
+1.2710056638e-05	+5.1298342101e-06	-8.0358712545e-06	-1.2877309927e-05	-8.4601913377e-06	-2.0679276027e-06
+4.4115817083e-06	+3.6115545638e-06	-1.9130535732e-06	-1.4648194284e-06	+2.8680978225e-06	+5.3321368555e-06
+2.9903621155e-06	-5.6066874897e-07	+8.1853164161e-07	+2.6561164582e-06	-8.1933312004e-07	-6.4411982076e-07
-8.5629629236e-07	-8.2045838575e-06	-5.7403915474e-06	-2.5405165951e-07	-3.3930934151e-06	-5.8726585568e-06
-6.7797799578e-06	-4.7729072585e-07	+7.8234807483e-06	+8.9270283238e-06	+1.0510097234e-05	+5.7256115034e-06
-3.8179270913e-06	-3.0939684473e-06	-2.0800127459e-06	-3.5819416868e-06	+3.7329594151e-06	+1.0055337182e-05
+2.7101122912e-06	-1.4240227798e-06	+2.6955491872e-06	-2.6245628279e-06	-8.0957881038e-06	-3.9202679791e-06
+2.3838560666e-07	+2.6817978417e-06	+1.0867102761e-05	+1.6341042755e-05	+3.3376098207e-06	-1.5487284354e-05
-1.5093102599e-05	-8.8871685379e-08	+3.2298990517e-06	-2.1464867240e-06	-2.6660817744e-06	-1.9829259083e-06
+3.6705317075e-06	+4.4215433837e-06	-3.2443533324e-06	-5.4284307962e-06	-4.3918010887e-06	+2.6740704008e-07
+2.8969991310e-06	-2.6508052387e-06	-1.3498843180e-06	+5.8740168137e-06	+7.7942359998e-06	+5.1310551102e-06
-1.1375407926e-06	-7.3160088428e-06	-1.0984535098e-05	-7.9055161034e-06	+3.5908563412e-06	+8.2351631348e-06
+4.5204016654e-06	-2.7186752107e-06	-6.7842445227e-06	-5.9319951997e-07	+2.1747897641e-06	+2.1741385754e-06
+6.3575480531e-08	-5.6988931237e-06	-1.3729056031e-06	+4.7586094555e-06	+6.5446540784e-06	+9.9754714768e-06
+6.6186249313e-06	-3.1622197942e-06	-5.8139088840e-06	-4.9679482851e-06	-5.1542014433e-06	-1.0695490284e-06
+6.2256758946e-07	+2.6711836159e-06	+6.0149699692e-06	+1.7521078768e-06	-4.1193225819e-06	-7.4456001400e-06
-9.3631429634e-06	-3.4357860036e-06	+5.4784345541e-06	+7.9714757064e-06	+1.0354649110e-05	+9.2936563667e-06
+7.6876042796e-07	-7.6218283406e-07	+4.3802839063e-06	-7.4575625688e-07	-4.9583340504e-06	+1.4077678235e-07
-2.8276952508e-06	-7.5677910337e-06	-3.8304201338e-06	-7.7912583006e-08	-2.8394842421e-06	-5.2754452986e-06
-2.0317437087e-06	-2.0288958398e-06	+1.5301917506e-06	+9.4470240999e-06	+5.6419882183e-06	-9.0226381623e-07
-5.7885537959e-06	-1.0722386701e-05	-8.1218013449e-06	-1.9467848455e-06	+7.2785356193e-06	+8.6464954431e-06
+1.3983430378e-06	+1.2451617067e-06	+1.8679665022e-06	+2.9365594954e-06	+7.3192774957e-06	+1.0193472616e-05
+2.8273268403e-06	-7.1222921711e-06	+1.9841847265e-06	+3.9840456572e-06	-9.9644139238e-06	-1.3002687071e-05
-7.3476082758e-06	+4.0099067318e-06	+7.9848888213e-06	+2.6785306688e-06	+3.2862517262e-06	+3.1579435543e-06
+9.3143936315e-07	+7.9896422789e-07	-8.5271369793e-07	-1.5404349723e-06	+2.2122102457e-06	+4.3804069365e-07
-6.7752857946e-06	-8.2081347203e-06	-3.8558509420e-06	+2.5819242129e-06	+3.6588409223e-06	+8.0581579787e-08
-8.3591463342e-07	-4.4708759455e-06	-5.7328597853e-06	+1.5949612726e-06	+8.1201568530e-06	+9.7484078100e-06
+1.8036671926e-06	-6.8503492169e-06	-5.8304305304e-06	-6.4760532566e-06	-4.7982284855e-06	+1.2642427711e-06
+3.9687500004e-06	+4.2213147704e-06	-1.0020197404e-06	-1.7199954241e-06	+2.5953391194e-06	+3.1615738189e-06
+5.1245528258e-06	+3.1709696837e-06	-2.5552688736e-06	-3.8132296248e-06	-4.6132454489e-06	-5.4066730157e-06
+3.7836843970e-07	+5.8996335617e-06	-3.3486216754e-07	-4.2814604448e-06	+3.6899779701e-06	+1.1671834814e-05
+8.0239642595e-06	-3.7813962205e-06	-5.3666006038e-06	-4.2149192512e-06	-4.3532113381e-06	+5.6151031820e-06
+7.4834922629e-06	+3.3239021507e-08	+1.6721905679e-06	+2.8808264120e-06	-2.3533510440e-06	-5.3228782797e-06
-4.7281137009e-06	-1.0229877124e-06	+9.6630012749e-07	+1.1938076216e-06	+5.9075221532e-06	+5.2427786056e-06
-5.3345418812e-06	-1.3653043393e-05	-7.6434718019e-06	+6.6828883354e-06	+7.6667607871e-06	+2.3798211936e-06
+6.8947966149e-06	+3.6980705916e-06	-8.2888935527e-06	-1.3669190952e-05	-9.2446653736e-06	-5.2528644726e-07
-2.4370499343e-06	-2.0151421180e-06	+5.1227511315e-06	+3.3193011971e-06	+6.0369337396e-07	+3.1827739836e-07
-1.0557590730e-06	+1.5489865485e-06	+5.6462303430e-06	+5.8048479329e-06	+6.9199389440e-06	+5.1473452146e-06
-3.0934567935e-06	-4.7721522297e-06	+1.1060222639e-06	-2.4550577111e-06	-9.6048785071e-06	-1.1461620453e-06
+9.4226066158e-06	+1.0776309472e-05	+8.0107794706e-06	+3.6473284805e-06	-3.1612749824e-06	-1.0467491520e-05
-9.7862759892e-06	-3.4271410057e-06	+3.7762171489e-06	+6.8360953165e-06	+6.5687350633e-07	-4.2035296577e-07
+5.0535720686e-06	-1.6402426014e-06	-8.8282025869e-06	-4.4385986797e-06	+8.9218132010e-07	+6.2607670988e-06
+1.3470824017e-06	-9.9206147598e-06	-1.0356740513e-05	-5.4421807741e-06	+8.3919561225e-07	+3.0444316568e-06
-2.2680175132e-07	+1.8104371334e-06	+4.6939813980e-06	+1.2834357674e-06	-4.3110283490e-06	-8.4509938304e-06
-8.8931700742e-06	-3.6101800850e-06	+3.3886743103e-06	+6.5119351235e-06	+1.0789816207e-05	+1.3800685115e-05
+8.6991661713e-06	+2.9683674000e-06	+1.3359633418e-06	-3.2715653599e-07	-5.4673735916e-06	-6.8734500092e-06
+1.5886804097e-06	+4.5490259358e-06	-1.7877290457e-06	-1.0614144323e-06	+2.8077134681e-06	+8.9001517393e-07
+3.7566617592e-06	+7.4380290928e-06	-5.9817365751e-07	-5.4412198412e-06	+1.6271348687e-06	+6.0788298317e-06
-5.0771800856e-07	-8.3790552339e-06	-9.4656151444e-06	-6.8974987359e-06	-2.8323075348e-06	-1.1514507301e-06
+1.8378679756e-06	+5.7366522154e-06	+4.8811441819e-06	-5.8560835305e-07	-7.8368261887e-06	-8.1281799215e-06
-1.2923772703e-07	+5.2626068148e-06	+4.1846089300e-06	+1.1196889888e-06	-3.7665405406e-06	-6.7100982192e-06
-4.9374238265e-06	-5.7340995864e-06	-2.1186858284e-06	+9.1398242258e-06	+1.3269060053e-05	+8.7167356633e-06
+4.5584642711e-06	+1.5087770205e-06	-4.9037135171e-06	-1.0402893130e-05	-9.3964109668e-06	-1.9616411671e-06
+3.7393445401e-06	+3.9072999820e-06	+4.3557551163e-06	+1.4418653899e-06	-2.2813034251e-06	+9.4632628157e-07
+1.5272140760e-06	-4.4641240873e-06	-2.9177890276e-06	+6.8951078979e-06	+1.2061916678e-05	+8.1048145943e-06
-1.6334360412e-06	-6.1965878717e-06	-2.0396893375e-06	+1.0080301182e-06	+9.7432573173e-07	-1.4301772018e-06
-2.5835684859e-06	+2.8502228370e-06	+1.5192793842e-06	-3.9834005671e-06	-5.7302364571e-06	-1.2005724555e-05
-8.9043969937e-06	+2.5565884948e-06	+6.5074054150e-06	+7.4800715242e-06	+6.5797142277e-06	+9.7656176962e-06
+5.9839454243e-06	-8.3801701466e-06	-8.6308041938e-06	-5.3160220353e-06	-6.8090949754e-06	-1.8572324066e-06
+4.8203163286e-06	+3.0221383923e-06	-3.0297521282e-06	-4.8987061607e-06	-7.0141810864e-06	-2.3468798476e-06
+7.8523188302e-06	+5.5742049069e-06	-3.3141757141e-07	-2.5547167191e-07	-7.8263732279e-08	+9.7074753474e-07
+2.2897878010e-06	+2.5679533466e-06	+3.1291840133e-06	+5.2210264357e-06	+5.1155790369e-06	+2.0156980476e-06
+9.4466856336e-07	-3.3352834621e-06	-7.3110047549e-06	-5.3232831467e-06	-1.7003449588e-06	+1.1517461269e-07
+1.8346937500e-06	+6.4895285809e-06	+5.9959828901e-06	-4.5058484460e-06	-1.1503363387e-05	-5.7277123996e-06
+2.4524047310e-06	+2.4831060518e-06	+1.5256089190e-07	+3.0053253290e-07	+2.1221569162e-06	+1.2931438374e-06
-4.5670774938e-06	-2.6294048313e-06	+3.9605575746e-06	+4.6996141297e-06	+6.3124169625e-06	+6.6047731241e-06
+1.0165644459e-06	-3.4474817102e-06	+4.8548161294e-07	+1.8671428499e-06	-4.3758388098e-06	-4.0779436294e-06
-2.7937084371e-06	-4.5244701244e-06	-2.0871325445e-06	-1.0646166671e-06	-3.2480551060e-06	-1.4329331495e-06
+3.2239224814e-06	+4.8944532572e-06	+3.6975979026e-06	-2.9458906879e-06	-7.4418790175e-06	-2.2254130160e-06
+1.5507551071e-06	-1.8287794909e-06	-2.6936794840e-06	+4.7149370858e-06	+9.0677769195e-06	+7.5665024696e-06
+3.7988797133e-06	-2.3977240518e-06	-7.6170966450e-06	-7.8806270686e-06	-3.8564573494e-06	-1.2078231092e-08
+5.0330327401e-06	+6.4874924782e-06	+4.3828238152e-06	+4.7065925434e-06	+7.6727786064e-07	-2.6133340145e-06
-1.8730818150e-06	-3.8067414440e-06	-2.6336989356e-06	-8.2975940756e-07	-4.6628575110e-07	+4.3512062046e-06
+7.5444498447e-06	+1.1579401937e-06	-6.5628962756e-06	-2.7834698650e-06	-2.8242125352e-07	+2.7059707132e-07
+4.0406204774e-06	+2.4551024802e-07	-3.1217903205e-06	-1.2297875823e-06	+4.4124180269e-06	+6.2265347347e-06
-2.8238280675e-07	-3.0352600160e-07	-2.0820361017e-06	-8.4159909995e-06	-7.1964732525e-06	-4.5010238420e-06
+2.1031047628e-07	+6.0644018191e-06	+5.3648016273e-06	+3.0122495395e-06	-1.3352685983e-06	-3.6695920447e-06
-1.0213853522e-06	-3.0221640854e-06	-2.2378282881e-06	+8.2120697457e-07	-1.2924751341e-06	+2.2624391269e-07
+7.4175121355e-07	-1.2646510460e-06	+1.4268560080e-06	+4.0032461261e-06	+3.6544429394e-06	-6.3417361873e-07
-2.6741877738e-06	-2.2249355065e-06	-3.7012126163e-06	-2.9256283960e-06	+1.0731285696e-06	+4.2270820234e-06
+3.9488985746e-06	+1.3953436611e-06	-1.3590510849e-06	-5.5406234677e-07	+9.7136794921e-07	-2.4131738309e-06
-1.8046500161e-06	+4.4026968778e-06	+4.1635557349e-06	-7.9464854644e-08	-2.3610479985e-06	-2.9190926842e-06
-2.5084996561e-06	+8.1276269602e-07	+8.4330453920e-06	+8.0925476088e-06	-2.7803616416e-06	-8.9038756818e-06
-8.2976667489e-06	-4.5317075443e-06	+1.3865683481e-06	+5.0172139075e-06	+3.4992228602e-06	-3.8526525102e-06
-6.7280556924e-06	-5.5582816169e-07	+6.7076667773e-06	+1.2508736736e-05	+9.2117697962e-06	+2.1811725204e-06
+2.9539545379e-06	-3.0785671468e-08	-4.5439791841e-06	-2.3510254108e-06	+2.6336632137e-07	-7.8284593936e-07
-4.0565611501e-06	+8.4247848432e-08	+4.0287178891e-06	-2.7772984821e-06	-6.1285327383e-06	-2.9903384440e-06
-2.0976054466e-06	-4.8292885395e-06	-5.5983689703e-06	+3.0937098704e-07	+4.9360957287e-06	+3.4477382376e-06
-1.8205599243e-06	-7.1825958731e-06	-3.9196161017e-06	+1.6892806199e-06	-3.4362662996e-07	-1.2458132848e-06
+4.6371847902e-06	+1.1669873264e-05	+9.6771267794e-06	+1.4250029711e-06	-1.2553473970e-06	-1.5356744810e-06
-3.5992402612e-06	-4.6775305560e-06	-1.6632820707e-06	+3.8453533766e-06	+5.0585701608e-06	+1.4903341659e-07
-5.6822494299e-06	-5.5402450367e-06	-5.3545184397e-06	-7.5830940636e-06	-2.1453756259e-06	+3.2968273106e-06
+2.9040653917e-06	+3.3757616025e-06	+3.8878974970e-06	+2.2401002873e-06	-2.1036795477e-06	-2.8120564963e-06
+1.6462718603e-06	+9.0104488576e-07	-5.6180713145e-07	+5.8489821116e-06	+5.9744429055e-06	-5.6806929894e-07
-3.8911674065e-07	-2.9163066320e-08	+1.3107147059e-07	+3.7152514728e-06	+4.0589856713e-06	+1.0690953763e-08
-4.2191299072e-06	-4.6777185197e-06	-3.4201545583e-06	+2.1687754208e-06	+4.6832897862e-06	-6.1407747983e-07
-2.2842028045e-06	-9.2206059854e-07	+1.1521881790e-06	-2.0029706344e-06	-8.1325405046e-06	-4.1137517411e-06
+2.8582628554e-06	+2.7166365280e-06	-1.4618705659e-06	+7.6500857516e-07	+3.1321740493e-06	-2.0361853595e-06
-4.0175908067e-06	-4.1924129322e-06	-4.0051255209e-06	+1.1769067897e-07	+2.7424901306e-06	+1.8622360671e-06
-9.6249865560e-07	+1.1317221465e-06	+5.9768863126e-06	+1.7960799173e-06	-3.2509101262e-06	+1.2612652827e-06
+5.5227979650e-06	+4.3972368023e-06	+2.9137123577e-06	+3.1033248950e-06	+3.4592608930e-06	+1.4209363996e-06
-9.5665566992e-07	-2.6554942105e-06	-5.3287932176e-06	-3.9490479091e-06	-3.0341086673e-07	-8.1324514321e-07
-3.6938113110e-06	-4.4423572318e-06	-1.1304381533e-06	+2.3398071836e-06	+2.1294920501e-06	-2.9373274505e-07
-1.5794951107e-06	-7.0264086690e-07	-4.4133694142e-07	+6.3374407675e-07	+3.4302521056e-06	+6.8704945024e-06
+5.1284455220e-06	-2.7240781228e-07	-1.5010743641e-06	-2.6550320948e-06	-4.5566380003e-07	-6.0190021979e-07
-4.2702848052e-06	-1.4174903663e-06	+8.9410546034e-07	+1.0462263009e-06	+2.1647985459e-06	+3.0023480394e-06
+3.4621232699e-06	-9.5355156849e-08	-6.4391982587e-06	-8.0671247440e-06	-2.2286351909e-06	+2.8332130110e-06
+4.0980982250e-07	-3.3355795884e-06	-3.9447996774e-06	-1.4431944866e-06	+2.3144145085e-06	+2.4500725510e-06
-3.7932820454e-07	-1.7606480332e-06	-1.7678140014e-06	+8.4578381206e-08	+1.8140258230e-06	+1.8552813757e-06
+5.9631295493e-06	+9.3070095095e-06	+7.7378384770e-06	+5.4701693346e-06	+1.7291055301e-06	-3.4493010211e-06
-5.3353891448e-06	-3.9924340716e-06	-1.3391708826e-06	+1.4244729756e-06	+7.4228692421e-08	-4.2799163135e-06
-6.9248415092e-06	-5.7651215493e-06	-1.9838943908e-06	+4.6268497640e-07	+1.0578378547e-06	-6.4853517212e-07
-2.1925992387e-06	+2.0325650293e-06	+3.9406888648e-06	+7.9699764801e-07	-1.7054275771e-06	-5.2479157073e-06
-5.0773693503e-06	+1.5707312510e-07	+2.6322465035e-06	+1.2443704810e-06	-8.0927648904e-08	-2.0680439335e-06
-2.4898448436e-08	+4.0995290727e-06	+1.8645326025e-06	+6.6338427355e-07	+1.0995062245e-06	+1.5992901190e-06
+4.1963981031e-06	+1.1077349284e-06	-1.3476862286e-06	+1.7030725006e-06	+4.4658688815e-06	+8.2300114217e-06
+8.4940489924e-06	+4.1409910279e-06	-1.0442593367e-06	-7.9198392999e-06	-1.0769040442e-05	-9.2994031358e-06
-4.3141666115e-06	+1.3896041144e-06	+4.2218233235e-06	+7.0434978975e-06	+3.3831086479e-06	-1.7237048724e-06
-1.7303374704e-06	-3.3096929296e-06	-2.4406508768e-06	+2.2190655171e-06	+1.4385221556e-06	+1.5690263069e-06
+2.3021419030e-06	-2.3124859855e-08	-8.7268013820e-07	-4.0345681115e-06	-3.8544476128e-06	+9.7860476108e-07
+2.0184123040e-06	-9.3970418790e-07	-3.3153080620e-07	+2.2547618304e-06	-2.1554584763e-06	-4.8144246073e-06
-2.6743630256e-06	-2.2068690915e-06	+3.4316175239e-07	+3.3783616675e-06	+5.3308745430e-06	+4.4925496690e-06
+1.9223191206e-06	+2.4903996347e-06	-1.7072643889e-06	-5.9341660321e-06	-5.4650810936e-06	-4.1526627233e-06
-3.9281772095e-07	+1.9361813042e-06	+3.3185296869e-08	-4.9633833066e-06	-3.9475299799e-06	+2.4501105187e-06
+5.8840463747e-06	+5.2493994282e-06	+3.2471113803e-07	-3.5786396709e-06	-3.6940588700e-06	-1.1093434753e-06
+1.1018707878e-06	+6.9664387043e-07	+1.9432530338e-06	+4.2436900038e-06	+7.2148207949e-06	+5.2831154619e-06
-1.7682418398e-06	-4.0608648062e-06	-2.5438009484e-06	-8.3793873665e-07	-2.1557497217e-06	-2.6376943860e-06
+3.9428726114e-06	+1.0219969926e-05	+6.2305897177e-06	-3.6096754304e-06	-6.7147559010e-06	-2.8137341630e-06
-1.1944706790e-06	-9.4127283282e-07	-8.6476952157e-07	-9.6387406045e-07	+1.4648639585e-06	+4.6082774078e-06
+2.6982030807e-06	-2.7240541232e-06	-4.7440916366e-06	-2.9266199374e-06	+1.2515721903e-06	+3.1174972114e-06
-1.0703366919e-06	-1.3511556836e-06	+1.4301488894e-06	-7.7048439826e-07	-1.8574203281e-06	-3.5757283607e-07
+2.2389373748e-06	+3.1051899432e-06	-4.2790588091e-07	-6.4412217482e-07	-1.9520771477e-08	-3.7446618334e-06
-3.6381237713e-06	+9.9938203835e-07	+2.6108170491e-06	-2.9269353323e-07	-2.5270060379e-06	-2.4327192201e-06
-3.7928059167e-06	-3.6197246249e-06	-1.7092202951e-07	+1.2299360282e-06	+1.2653428204e-06	+1.9565973037e-06
+3.4261229201e-06	+2.2086897381e-06	+4.2321312923e-07	+3.3201171682e-06	+4.5199991474e-06	+1.2805540944e-06
-1.7792411870e-07	+3.9975720852e-07	+7.9995363461e-07	-2.8290963996e-07	-2.7725481830e-06	-4.0834925702e-06
-1.4088486684e-06	+1.5214349578e-06	+1.8153660397e-06	+1.6835247738e-06	+1.5421301325e-06	+2.4240523391e-06
+1.4971976081e-06	-1.4699400894e-06	-1.8685512332e-06	-5.7608195436e-07	-1.0391813372e-06	-2.1668875029e-06
-1.0275770572e-06	+6.3288424015e-07	+1.6184296977e-06	+2.5023702343e-06	+1.7376099282e-06	-1.5772925511e-08
-2.7399830629e-07	+6.2145276893e-07	+1.9945615250e-07	-1.5082077116e-06	-2.2259415198e-06	-2.6379366651e-06
-3.3500436666e-06	-1.8811485953e-06	-8.6072373379e-07	-2.4389347285e-06	-2.2029087910e-06	+4.7991814398e-07
-1.7411989088e-07	-5.2254611446e-07	+5.6427243329e-07	-3.6282563691e-08	-3.7026177162e-07	-1.0765240258e-06
-1.5508308996e-06	-1.5484139237e-06	+1.0752041033e-06	+4.3581220524e-06	+1.7424540128e-06	+2.7079749353e-06
+6.0998513627e-06	+3.3819131326e-06	+1.7621546274e-07	-4.0343097280e-06	-3.3072386313e-06	+2.1480975812e-06
+1.6274917316e-06	+2.1423538721e-06	+2.3433115138e-06	-4.0975247440e-06	-3.9396336078e-06	-1.0663180558e-06
-4.0875682170e-06	-1.8821259094e-06	+4.0042183434e-06	+6.3717833828e-06	+3.0806092616e-06	-3.0775334809e-07
-2.0249324031e-07	-1.4716257373e-06	-1.9826488577e-06	-2.6326077607e-06	-6.9052601734e-08	+5.5090375708e-06
+6.3829363655e-06	+6.2133380913e-06	+4.6885523185e-06	-4.6411205568e-07	-8.1575170526e-06	-1.0710772005e-05
-2.8235502317e-06	+5.1202883627e-06	+6.9540529309e-06	+2.9827481775e-06	-2.5695648125e-06	-6.1731797506e-06
-8.2517736199e-06	-6.0823211843e-06	-1.8510034494e-06	+1.2635135137e-06	+3.8312451084e-06	+2.8548686261e-06
+4.1416625081e-07	+6.9154099898e-07	-1.2994052885e-06	-4.0430185317e-06	-2.7795911002e-06	-2.7972914352e-06
-3.0442534152e-06	+7.6358189128e-07	+4.4483573978e-06	+2.9492796896e-06	+2.8005868746e-06	+1.7800288825e-06
-2.7061197109e-06	+3.3009837251e-06	+5.8371381042e-06	-1.2210387290e-06	-3.5209037428e-06	-3.0598048060e-06
+5.7955153636e-07	+3.7097206337e-06	+2.7876511139e-06	+2.9386434979e-06	+3.6398286990e-06	+1.6448292173e-06
-1.2610045768e-06	-2.4637257078e-06	-2.7584203384e-06	-3.0085565635e-06	-1.8001909082e-06	-2.6607702111e-07
+9.5148768081e-07	+4.5407006707e-06	+6.4837911353e-06	+2.1867124122e-06	-3.5383832657e-06	-4.8907976128e-06
-3.3840368762e-06	-2.8194933649e-06	-7.4839853779e-07	-9.1965815050e-07	-3.7644095329e-07	+5.2811259777e-06
+6.3713035235e-06	+3.3411904159e-06	-3.0655219375e-06	-8.9362421299e-06	-6.4473123930e-06	-3.4829261733e-06
-1.2441313930e-07	+3.9748638621e-06	+5.4213816028e-06	+4.1618130696e-06	+1.6742170497e-06	-1.0848066534e-06
-3.8361721033e-06	-3.0154434102e-06	+6.7052025286e-07	+3.2839440568e-06	+1.6104639384e-06	-1.0187448806e-06
-3.9662371420e-07	+5.9644327776e-08	+5.3702946030e-07	-5.8436363663e-07	-4.2496668409e-06	-6.7969511588e-06
-5.5074709759e-06	-1.3777974562e-06	+2.5074645890e-06	+5.2824527584e-06	+3.6051383434e-06	-2.0644619114e-06
-5.9203575339e-06	-4.1319305229e-06	+3.1065620877e-06	+8.1817295155e-06	+6.1132105478e-06	+1.6204129241e-06
+1.1170046508e-06	+1.7927001653e-06	+2.6972419850e-06	+3.6060087360e-06	+1.2006658762e-06	-2.2726944580e-06
-4.5244941791e-06	-5.3943924263e-06	-3.7181004691e-06	+1.3726857179e-06	+3.8838984519e-06	+2.7804262035e-06
+2.2397498178e-06	-3.2691284428e-09	-1.1980728184e-06	-5.3138133403e-07	-1.7372611723e-06	-3.2644442090e-06
-4.1249614251e-06	-2.6982409501e-06	-1.6287108469e-06	-3.5740923064e-07	+3.6111396386e-06	+5.6249053250e-06
+4.5968488371e-06	+2.2390897558e-06	-3.7639292000e-07	-3.7741473586e-06	-5.6536721923e-06	-1.9845142853e-06
+1.0069730101e-06	+1.9550270192e-06	+2.6874755106e-06	-1.0065681708e-07	-9.0356300683e-07	+2.1881278392e-06
+2.0361726305e-06	-1.3849609962e-06	+1.6394628780e-07	+3.0799208981e-06	+1.3087900956e-06	+1.6449381854e-06
-9.7717497697e-07	-4.0303304904e-06	-9.5679708111e-07	-1.1396705899e-06	-2.6417092582e-06	-1.1639625215e-06
+1.1483014325e-06	+3.3796229021e-06	+3.4275245138e-06	-1.5854123056e-06	-4.9593532052e-06	-6.5613778450e-07
-5.5723948522e-07	-1.9661308552e-06	+2.3278441100e-06	+2.6979784340e-06	+5.6318194490e-07	+2.0251448607e-06
+2.4640188634e-06	+5.4359529804e-07	+1.1237098288e-06	-9.8839410790e-07	-4.0158422546e-06	-3.1976611346e-06
-6.1212046339e-06	-6.0417053426e-06	-9.2760579538e-08	+2.8009730988e-06	+2.4878207958e-06	+1.7405949975e-07
-1.2849085028e-06	-6.2977412191e-07	+1.2742787066e-06	+2.1364385699e-06	-3.9672852440e-07	+3.4065012701e-07
+2.5563586341e-06	+2.3048212821e-06	+1.2907546411e-06	-2.3078455531e-06	-1.6355212137e-06	+2.1037728308e-06
+2.4736767704e-06	+4.0368263058e-06	+6.0627119871e-06	+2.6383268889e-06	-2.1193424699e-06	-1.8849108476e-06
+1.0522223035e-06	+1.3972294620e-06	-3.8259462658e-06	-7.7595238361e-06	-6.4692907136e-06	-3.8938192175e-06
-1.2404321858e-06	-1.0228807501e-06	-5.6856036451e-07	+2.0160978298e-06	+3.8637527799e-06	+4.3725111781e-06
+4.7107190505e-06	+4.6597814417e-06	+1.6498772045e-06	-1.0745133966e-06	-2.2611187598e-06	-2.5051283288e-06
-2.7740294621e-07	-4.6313050213e-07	+7.9977117732e-07	+2.4645935060e-06	-3.5963189585e-06	-4.8340775630e-06
+1.3893584734e-07	+1.1430145884e-06	+2.5058885881e-06	+8.0655681141e-07	-8.9656363774e-07	-1.4020592875e-06
-5.0366662231e-06	-3.9600498692e-06	-1.0348250817e-06	+4.7037362536e-07	+2.2884562083e-06	+2.8014603432e-06
+3.2326231360e-06	+2.7762324492e-06	+2.6492705249e-06	+3.8975242584e-06	+1.8192265808e-06	-8.9147167042e-07
-1.4068744817e-06	-2.3472068651e-06	-1.2239105504e-06	+1.7622689762e-07	-7.6967282445e-07	-1.6468001477e-06
-1.7127083050e-06	-1.9709593457e-06	-2.5797282867e-06	-9.3905132346e-07	+2.0673660371e-06	+3.1109624760e-06
+6.8208445571e-07	-1.9291744110e-06	-1.4365090823e-06	-2.7129679845e-06	-4.1449979288e-06	-1.9794457398e-06
-2.5429466918e-07	+2.7471525360e-06	+6.8926382285e-06	+7.7683612788e-06	+3.5744067549e-06	-1.3080607483e-06
-3.3382096425e-06	-1.9277770124e-06	-6.3178238289e-07	-1.7876374944e-06	+9.2777727879e-07	+3.0723907031e-06
+1.7554788924e-06	+1.9305552137e-06	+3.1130159383e-06	+2.6718982585e-06	-1.0591207139e-06	-2.5925900547e-06
-3.3855729609e-06	-4.8444960454e-06	-3.8905422917e-06	-2.1213471949e-06	+1.0710729954e-06	+4.2961246394e-06
+5.1407112560e-06	+2.7507973041e-06	-9.8673353366e-07	-2.6610819616e-06	-1.3722024794e-06	-2.7261262486e-06
-3.7097232351e-06	-2.0282624005e-08	-8.0733968156e-07	-2.8795237113e-06	-3.4981626524e-07	+2.9326089642e-06
+5.4445017450e-06	+5.3641840615e-06	+1.9811035292e-06	-1.8193287074e-06	-6.2558677927e-06	-9.2552320287e-06
-5.1592075810e-06	+1.3502908346e-06	+2.2000074306e-06	+3.7140450878e-07	+7.4749836493e-07	+3.5072300694e-06
+6.2195643853e-06	+2.0242473011e-06	-3.1016470760e-06	-1.7802529570e-06	-7.0467017788e-07	+4.4979348896e-08
+3.8663545260e-07	+9.9233411153e-07	+6.1343579991e-07	+1.1617492537e-06	+5.7583303715e-06	+3.4197393539e-06
-1.7663553026e-06	-2.9322361004e-06	-2.6106217197e-06	+4.1748274991e-07	+2.4707421704e-06	+2.5925989878e-06
+1.6492360568e-06	-7.7686083977e-07	-3.5868365282e-06	-4.8572538977e-06	-5.2912929382e-06	-4.7364708451e-06
-1.9685240259e-06	+1.2780706379e-06	+2.3034428845e-06	+2.8944310986e-06	+4.0397190478e-06	+3.4510352820e-06
+2.3865049911e-06	+1.9372555288e-06	+1.9057483682e-07	-2.9079145357e-06	-2.8401043960e-06	+2.0611011997e-06
+2.3690562826e-06	+3.8451693935e-07	+1.6056112892e-06	-3.1733129988e-07	-3.1231614508e-06	-3.7538665481e-06
-2.3700404206e-06	-1.2239189358e-06	-1.6817583267e-06	+6.4485039330e-07	+1.5461013067e-06	-2.1153104870e-07
+6.7872192805e-08	+1.7319845518e-06	+1.7770532513e-06	+5.1119405508e-07	-4.6474548272e-07	-2.2702717372e-06
-8.6100284529e-07	+1.8255733811e-06	+8.1895243725e-07	+5.1634516955e-08	+2.5187953486e-07	-7.4355085207e-07
-2.6108140264e-06	-2.2105768711e-06	-3.5779413512e-07	+7.7551992471e-07	+3.1918416663e-06	+5.2104864708e-06
+3.0235386668e-06	+9.9077157931e-07	+1.9908126604e-06	-5.7479525763e-08	-3.1211015367e-06	-1.0095515150e-06
+5.3895777058e-07	-3.1472436494e-07	-1.2847770533e-06	-2.7236567434e-06	-2.2713112831e-06	+3.3156345045e-07
+6.6442169624e-07	+3.4278060434e-07	+2.4334649504e-06	+2.1467240943e-08	-3.6789112694e-06	-2.1563523684e-06
-1.2880888446e-07	+2.0170701910e-06	+2.8192001152e-06	+2.0513410174e-06	+6.9400568246e-07	-1.4954617306e-06
-1.2045951772e-06	-1.0954347343e-06	-5.6210926364e-07	-8.1699833021e-07	-1.8580179833e-06	-5.1925465985e-07
+5.8567122025e-07	+1.3820738337e-06	+1.4734773511e-06	+2.2724680813e-06	+1.3442130398e-06	-2.1168747372e-06
-2.1131230224e-06	-9.3680473430e-07	+5.9143815046e-07	+2.0198748422e-07	-1.0717889039e-07	+1.1267902205e-06
-9.7770556158e-08	-2.1007704752e-06	-2.9981806360e-06	-2.3443205648e-06	+1.4887884886e-07	+9.1714294005e-07
-1.9230772234e-06	-2.3697634628e-06	-9.7527602364e-07	-8.3723620988e-07	+9.7242966659e-07	+3.0904167313e-06
+4.5630722077e-06	+4.3674381675e-06	+2.8190443077e-06	+2.9938227138e-06	+8.1226169371e-07	-1.8263563202e-06
-9.3166298717e-07	-2.8019287126e-06	-3.5869391865e-06	-3.2255996511e-07	+7.8426382000e-07	+1.6392455190e-07
-9.6449410421e-07	-2.0810441315e-07	-2.2491291979e-06	-1.2559348714e-06	+3.8762418152e-06	-1.1734278044e-06
-9.2002188924e-08	+5.1281771390e-06	+1.4783176993e-06	+2.7920317506e-06	+3.6051592900e-06	+9.7417504316e-07
-5.9285380484e-07	-1.8810813117e-06	-1.5991158060e-06	-8.7869161424e-07	+6.5553745874e-08	+1.2118184627e-07
+7.9660782610e-07	+3.3790636420e-07	-2.1060865563e-06	-2.7621823850e-06	-3.2506228649e-06	-3.7459327967e-06
-1.3797821716e-06	+3.4534014231e-06	+4.6561885997e-06	+2.9101359192e-06	+2.5463727229e-06	-7.6952676728e-07
-4.8802682705e-06	-4.9068505373e-06	-2.6317562974e-06	+1.5636223649e-06	+4.5499079887e-06	+2.8645658176e-06
-2.0377200890e-07	-2.5127694718e-06	-3.9909862558e-06	-3.2663330073e-06	-2.6053227643e-06	-1.5718932633e-06
+2.1221706482e-06	+3.5850570322e-06	+2.6307781730e-06	+2.2385826776e-06	+2.3859544260e-06	+1.4895577669e-06
-2.6821907419e-06	-4.2817068306e-06	-1.3254060193e-06	+2.7247691540e-08	+6.9357316489e-07	+2.2837055931e-06
+2.7929400986e-06	+2.3848745403e-06	+1.7820195284e-06	+2.2470106241e-06	+1.1859537991e-06	-2.3182066557e-06
-4.5547935587e-06	-3.7311902656e-06	-2.3183296857e-06	-2.0111764776e-06	-7.8617734890e-07	+1.0119811035e-06
+3.3447103623e-06	+4.4765680754e-06	+1.2058452761e-06	-1.2152293391e-07	+9.5296580825e-07	+1.0664378843e-06
+1.5274381020e-07	-8.1280586454e-07	-5.1018720485e-07	-1.3109781787e-06	-1.7648823342e-06	-2.0292482761e-06
-3.8292334108e-06	-2.0316134235e-06	-3.5311242561e-07	-2.4217963125e-07	+3.8493962154e-06	+6.4044806972e-06
+5.3535672882e-06	+1.6035835274e-06	-2.8754413814e-06	-3.4774191728e-06	-2.6072204780e-06	-2.9717005546e-06
-1.9044245966e-06	+1.7424344694e-06	+6.3897636689e-07	-2.9645858753e-06	-2.5877593105e-06	+1.1359948289e-07
+3.3221854701e-06	+4.3618838927e-06	+4.4510413079e-06	+1.0803592051e-06	-3.4128203804e-06	-2.2219339006e-06
-1.6872877995e-06	-2.6299904935e-06	-2.6151228317e-06	-1.3289720326e-06	-1.8911367615e-07	+1.2287124925e-07
+2.5015553895e-06	+3.2004888584e-06	+1.8523334954e-06	+1.9552225360e-08	+2.7382207653e-07	+1.1547816648e-07
+4.2428118155e-09	+2.2656738316e-06	+2.0645541843e-06	+7.8547646735e-07	-2.0875105073e-06	-1.8868242208e-06
+9.4727030792e-07	-9.9972831547e-07	-1.8259913225e-06	+2.9427374348e-06	+6.1954779642e-06	+3.1693767802e-06
-2.9553439810e-06	-4.5046067196e-06	-1.3841426355e-06	-1.2480388589e-06	-1.3820439535e-06	+2.9102616857e-06
+3.3792318975e-06	+8.3773449010e-07	+1.0175410526e-06	-6.0022676555e-07	-2.0932608056e-06	-9.2153497600e-07
-1.6171468092e-06	-1.2221063570e-06	+9.6438119704e-07	+1.5780106522e-06	+1.4971778616e-06	-1.9686973408e-06
-4.6646303184e-06	-2.8743597998e-06	-3.2249544756e-06	-2.9119306789e-06	-1.4626548149e-07	+2.0849553660e-06
+3.2967938955e-06	+2.8671970324e-06	+1.9339108164e-06	+6.2494152525e-07	+5.0347022867e-07	-6.8881602781e-07
-1.6718222241e-06	-7.2481021625e-07	+1.5147391248e-06	+2.1242433564e-06	-5.0117866558e-07	-2.1476549727e-06
-4.3226365485e-06	-3.8287069221e-06	-4.0841725751e-07	+1.8077906832e-06	+3.6756412933e-06	+4.0033589114e-06
+2.6688193691e-06	-5.5129728771e-07	-1.2402451993e-06	-1.9097813015e-06	-3.1077592786e-06	+4.9742927288e-07
+1.0356550140e-07	-1.1025128837e-06	+2.4802785646e-07	-1.1152920349e-06	-9.7429361486e-07	-9.2896837905e-07
+3.8591211034e-07	+2.1006255364e-06	+1.1793066992e-06	+2.9376002637e-06	+3.1858345300e-06	+3.4929616520e-06
+4.7396576294e-06	+4.0955306146e-06	+2.7153663122e-06	-4.6542271553e-06	-6.8357445644e-06	-3.5630408012e-06
-3.9307397225e-06	-1.7714005246e-06	-2.5144480137e-07	-7.5129685137e-07	-3.1376247519e-07	+8.6447798612e-07
+2.7419918824e-06	+2.3034650648e-06	+2.6530281029e-06	+2.7408321693e-06	-6.5916927957e-07	-2.2629597461e-06
-1.4917380249e-06	+5.6062749877e-07	+7.6335069051e-07	-1.5935124749e-06	-1.0026307634e-07	+7.0311258741e-07
-2.1960851025e-07	+1.6183046518e-06	+6.5987679463e-08	-4.5678370796e-06	-4.8874205292e-06	-1.1120532243e-06
-9.7820810870e-07	-1.1289849282e-06	+2.5061625652e-06	+1.9679232665e-06	+1.7821602246e-06	+4.1618258716e-06
+1.7991312945e-06	-3.9988791392e-08	-7.7838587287e-07	-4.4259074248e-07	+6.2375097859e-07	-1.3101008660e-06
-7.3963282607e-07	+3.9407866064e-07	+5.1179891106e-07	+2.3379228911e-06	+1.4719712054e-06	+3.3530310543e-07
-9.5361156160e-07	-4.2934598622e-06	-4.1360583446e-06	-2.1930118445e-06	-5.5640800397e-08	+2.5665765743e-06
+3.0758270428e-06	+3.2704426902e-06	+2.6228909678e-06	+6.3509471359e-07	-6.6015849484e-07	-1.1942840855e-06
-1.9669015502e-07	+1.5288740601e-07	-1.1851794525e-06	-2.4082035180e-06	-4.0535565600e-06	-3.7003825151e-06
-1.6362816511e-06	-2.0152669983e-06	-3.0200108022e-06	-4.7040620405e-07	+2.6876300790e-06	+3.6208002000e-06
+3.1981438078e-06	+1.4411122761e-06	-1.1719314678e-06	-1.8677770004e-06	-5.4354789756e-07	+8.3673498592e-07
+1.4571699408e-06	+1.7134439216e-06	+1.9199130374e-06	+1.6150030862e-06	+1.4626425744e-06	+3.9801896505e-08
-5.2860277788e-07	+2.5947022371e-06	+3.0254098044e-06	+6.0580471331e-07	+3.0891052795e-07	-2.5679071602e-07
-2.0526419178e-07	+9.5530570526e-07	-9.0080485959e-07	-4.0094150909e-06	-4.2450667156e-06	-1.4493480250e-06
+2.1061602930e-06	+3.3419783235e-06	+3.4833509135e-06	+3.7058342922e-06	+1.8366259849e-06	-5.8745788806e-07
-3.2720065571e-06	-5.0140416854e-06	-4.7488283684e-06	-4.0309668735e-06	-2.4223506170e-06	-3.6013725504e-08
+2.0998108878e-06	+2.9639221166e-06	-6.8074837470e-07	-4.1562638614e-06	-2.6562802898e-06	-2.4600546548e-06
-9.5611560668e-07	+9.3601574764e-07	-3.8444917160e-07	+1.6290378009e-06	+4.0567536586e-06	+4.0586453104e-06
+1.0812559317e-06	-9.4734601646e-07	+7.8905915418e-07	+1.6459921760e-06	+1.6204673895e-06	-2.0466588578e-07
-7.0721618362e-07	+1.5421807980e-06	+3.0445598849e-06	+3.0389850553e-06	+5.0627067859e-07	-2.4727118547e-07
-1.0012549227e-06	-1.8064231442e-06	-5.2206928648e-07	-2.4522574795e-07	+2.3879678684e-07	-5.3456765950e-07
-3.1818957008e-07	+2.3628308124e-08	-2.0408432705e-06	-2.3037855352e-06	-2.5529223187e-06	-1.8865921254e-06
+6.3075740698e-07	+5.4798578428e-07	-6.5245390964e-07	+2.2744160161e-07	+1.1487333907e-06	+1.8195081923e-06
+2.1745575221e-06	+1.1831321464e-06	-1.0327378593e-06	-2.3997685033e-06	-8.2094334016e-07	+4.8544036002e-07
-5.4660244223e-08	+4.3214383507e-07	+1.0402871973e-06	+2.3532547158e-07	-1.8064943074e-06	-3.5369206965e-06
-1.5451406875e-06	+2.8052211729e-06	+3.4756817032e-06	+2.7661018649e-06	+1.7657227476e-06	-2.5935220956e-06
-5.4480205450e-06	-3.7463446546e-06	-8.3994506211e-07	+1.4186388772e-06	+2.9026294967e-06	+2.7301667716e-06
+2.3339019777e-06	+3.1228553945e-06	+3.1882838796e-06	+8.7846786851e-07	-1.4319915454e-06	+2.3714331645e-07
+1.0629156168e-06	-1.9473657836e-06	-2.9259993289e-06	-2.2242683796e-06	-8.0882145577e-07	+1.3133779852e-06
+2.1306190180e-06	+3.4276532694e-06	+1.2036404785e-06	-1.8880116763e-07	+1.8746158309e-06	-4.3942649386e-07
-1.4592419313e-06	-9.2728905450e-07	-3.0571243871e-06	-2.1518915278e-06	-6.3006832503e-07	-4.4453772947e-07
-5.9878310844e-07	-1.6286109491e-06	-3.1527354463e-07	-7.0255559145e-08	-2.3648819211e-06	-1.7985767205e-06
-7.1688900021e-08	+7.3085869949e-07	+1.4534372006e-06	+1.0005851966e-06	-2.0818558622e-08	-8.9858918193e-07
-1.1996519009e-06	-2.1788215390e-06	-2.5595889596e-06	-8.9260469607e-07	+4.1368348331e-08	+1.3416989116e-06
+7.9649974651e-07	-1.3517487212e-06	-1.5362915371e-06	-1.1610902470e-06	+4.5395549171e-07	+2.1137653817e-06
+1.4309492398e-06	+7.6189226296e-07	+2.6081019542e-06	+4.2374594364e-06	+2.4339271679e-06	+7.6585077854e-07
+9.8010376194e-08	-5.8208834952e-07	+3.6263200250e-07	+2.1657093589e-06	+1.8492348609e-06	-1.2647482771e-06
-3.2870009072e-06	-1.1590397385e-06	+1.8629424041e-06	+2.8325241221e-06	+2.5443028648e-06	+1.4663562390e-06
-1.3274607066e-06	-1.9859567454e-06	-1.4958255194e-06	+3.4268270830e-07	+2.8210958443e-06	+1.1094628971e-06
+7.5259289157e-07	-3.0493893558e-07	-4.4100803534e-06	-4.0114945428e-06	-1.0476889456e-06	+8.8233143160e-07
+9.3229095954e-07	+2.4586131137e-06	+2.3349048492e-06	-1.0399676671e-06	-1.6510830834e-07	-1.1929048328e-06
-8.3020371474e-07	+1.0807877854e-06	-2.2131154823e-07	+1.5581030986e-06	-6.9609317413e-07	-4.5522752172e-06
-4.4316484126e-06	-2.9420600109e-06	-9.2347563028e-07	+2.1979060166e-07	+3.3259097014e-06	+3.7739741194e-06
+1.1713758932e-06	+2.5327408270e-08	-2.9842441580e-06	-4.0146394107e-06	-1.4031684898e-06	-1.6757173357e-07
+1.7053457173e-06	+2.1165547725e-06	+3.8504713827e-07	+6.4599333348e-07	-5.6832545722e-07	-1.8553401965e-06
-1.1338382690e-06	-2.0977268937e-07	+2.2704406471e-06	+1.9733453970e-06	-1.7335332590e-07	-3.4020328156e-07
+1.3870571672e-08	+5.6613675555e-07	+1.1406600896e-06	+3.1415513725e-06	+3.6974227828e-06	+2.3360919580e-06
+9.1092008204e-07	-1.7761201327e-06	-3.5011078160e-06	-1.9225332495e-06	+4.5195900919e-07	+5.0549238608e-07
-2.8664082069e-07	-4.8263367450e-07	-1.4480600325e-06	-1.1460506630e-06	+7.1172438240e-07	+3.4586695478e-07
+4.7400302550e-07	+9.1193990791e-07	+4.9607046569e-07	-1.7827781839e-07	-9.5314284653e-07	+1.0270793990e-06
+1.6007719774e-06	+7.5754480996e-08	-6.1157797412e-07	-2.1258632320e-06	-1.6034779184e-06	+1.4998284651e-06
+2.5669430633e-06	+1.7020012301e-06	-1.2767821871e-06	-3.5669295251e-06	-1.6957918496e-06	-1.5594124983e-06
-1.1388990079e-06	+2.6164158730e-07	+2.9760061260e-08	+2.4305027462e-06	+2.9554885461e-06	+9.8469468736e-07
+1.5549434221e-07	-1.8123436722e-06	-2.2880566232e-06	-4.8460373980e-07	+4.5574251287e-07	+2.0904813796e-07
+1.4909979090e-06
